display_id,kind,track_id,label,start_x,start_y,end_x,end_y,avg_confidence,first_timestamp,last_timestamp
car_ID_11,FLUSH,11,car,554,299,555,298,0.3308,2026-07-28 21:50:29.085,2026-07-28 21:50:29.602
car_ID_12,FLUSH,12,car,526,317,526,317,0.3908,2026-07-28 21:50:29.085,2026-07-28 21:50:29.602
truck_ID_4,FLUSH,1,truck,940,677,943,680,0.3377,2026-07-28 21:50:29.811,2026-07-28 21:50:29.847
car_ID_6,FLUSH,6,car,1092,534,1267,682,0.6218,2026-07-28 21:50:29.084,2026-07-28 21:50:29.912
bus_ID_1,FLUSH,13,bus,779,301,831,332,0.4244,2026-07-28 21:50:29.085,2026-07-28 21:50:30.079
car_ID_2,FLUSH,2,car,894,466,1160,692,0.7403,2026-07-28 21:50:29.083,2026-07-28 21:50:30.115
bus_ID_2,FLUSH,14,bus,785,304,836,335,0.4438,2026-07-28 21:50:29.192,2026-07-28 21:50:30.152
car_ID_1,FLUSH,1,car,765,430,951,693,0.8120,2026-07-28 21:50:29.082,2026-07-28 21:50:30.357
truck_ID_2,FLUSH,13,truck,784,305,836,335,0.7165,2026-07-28 21:50:29.192,2026-07-28 21:50:30.615
car_ID_9,FLUSH,9,car,461,335,489,319,0.4547,2026-07-28 21:50:29.084,2026-07-28 21:50:30.791
car_ID_17,FLUSH,20,car,754,300,755,301,0.4938,2026-07-28 21:50:30.386,2026-07-28 21:50:30.918
car_ID_8,FLUSH,8,car,514,339,539,316,0.4717,2026-07-28 21:50:29.084,2026-07-28 21:50:31.148
bus_ID_4,FLUSH,21,bus,238,546,203,484,0.3910,2026-07-28 21:50:30.719,2026-07-28 21:50:31.352
bus_ID_3,FLUSH,17,bus,194,581,351,453,0.5604,2026-07-28 21:50:30.514,2026-07-28 21:50:31.513
car_ID_3,FLUSH,3,car,555,381,576,330,0.5354,2026-07-28 21:50:29.083,2026-07-28 21:50:31.615
truck_ID_1,FLUSH,14,truck,779,301,1128,547,0.8308,2026-07-28 21:50:29.085,2026-07-28 21:50:31.845
car_ID_13,FLUSH,15,car,691,317,928,698,0.7105,2026-07-28 21:50:29.156,2026-07-28 21:50:31.986
car_ID_10,FLUSH,10,car,581,321,596,297,0.4191,2026-07-28 21:50:29.084,2026-07-28 21:50:32.013
car_ID_5,FLUSH,5,car,248,468,430,354,0.6601,2026-07-28 21:50:29.084,2026-07-28 21:50:32.150
truck_ID_6,FLUSH,22,truck,80,545,328,410,0.5011,2026-07-28 21:50:30.791,2026-07-28 21:50:32.549
bus_ID_5,FLUSH,14,bus,1137,550,1169,565,0.4927,2026-07-28 21:50:31.918,2026-07-28 21:50:32.582
car_ID_20,FLUSH,22,car,243,458,344,402,0.4142,2026-07-28 21:50:31.714,2026-07-28 21:50:32.715
car_ID_15,FLUSH,18,car,684,303,851,612,0.6250,2026-07-28 21:50:30.218,2026-07-28 21:50:32.780
bus_ID_6,FLUSH,22,bus,292,428,350,399,0.3326,2026-07-28 21:50:32.085,2026-07-28 21:50:33.254
truck_ID_7,FLUSH,18,truck,865,633,871,642,0.5252,2026-07-28 21:50:32.814,2026-07-28 21:50:33.324
bus_ID_7,FLUSH,17,bus,460,361,460,361,0.3066,2026-07-28 21:50:33.385,2026-07-28 21:50:33.385
car_ID_14,FLUSH,16,car,688,304,913,691,0.6151,2026-07-28 21:50:29.560,2026-07-28 21:50:33.455
truck_ID_9,FLUSH,23,truck,1047,501,1052,504,0.3565,2026-07-28 21:50:33.421,2026-07-28 21:50:33.550
truck_ID_8,FLUSH,29,truck,1004,470,1213,623,0.4712,2026-07-28 21:50:33.355,2026-07-28 21:50:33.780
car_ID_27,FLUSH,29,car,1047,501,1230,647,0.7212,2026-07-28 21:50:33.422,2026-07-28 21:50:33.846
car_ID_18,FLUSH,23,car,781,319,1239,652,0.6427,2026-07-28 21:50:31.217,2026-07-28 21:50:33.882
car_ID_19,FLUSH,21,car,225,468,396,370,0.4070,2026-07-28 21:50:31.555,2026-07-28 21:50:33.882
car_ID_4,FLUSH,4,car,410,436,545,308,0.5471,2026-07-28 21:50:29.084,2026-07-28 21:50:34.218
bus_ID_8,FLUSH,29,bus,1240,656,1240,656,0.3779,2026-07-28 21:50:33.881,2026-07-28 21:50:34.348
bus_ID_9,FLUSH,23,bus,1252,662,1252,662,0.4064,2026-07-28 21:50:33.922,2026-07-28 21:50:34.382
truck_ID_5,FLUSH,21,truck,197,579,450,339,0.4342,2026-07-28 21:50:30.581,2026-07-28 21:50:35.381
car_ID_7,FLUSH,7,car,368,693,579,313,0.6331,2026-07-28 21:50:29.084,2026-07-28 21:50:35.647
car_ID_24,FLUSH,27,car,780,316,1260,670,0.7372,2026-07-28 21:50:32.521,2026-07-28 21:50:35.647
car_ID_22,FLUSH,25,car,583,319,602,291,0.3476,2026-07-28 21:50:31.951,2026-07-28 21:50:35.718
truck_ID_10,FLUSH,30,truck,361,662,536,385,0.4833,2026-07-28 21:50:33.616,2026-07-28 21:50:36.279
truck_ID_11,FLUSH,31,truck,360,666,546,368,0.4979,2026-07-28 21:50:33.616,2026-07-28 21:50:36.747
car_ID_25,FLUSH,28,car,758,305,1249,653,0.7240,2026-07-28 21:50:33.045,2026-07-28 21:50:36.781
car_ID_26,FLUSH,30,car,323,704,546,369,0.5458,2026-07-28 21:50:33.386,2026-07-28 21:50:37.213
truck_ID_3,FLUSH,17,truck,34,682,542,298,0.6565,2026-07-28 21:50:29.618,2026-07-28 21:50:37.649
car_ID_16,FLUSH,19,car,370,700,592,302,0.6441,2026-07-28 21:50:30.386,2026-07-28 21:50:38.013
car_ID_21,FLUSH,24,car,357,704,580,320,0.6739,2026-07-28 21:50:31.750,2026-07-28 21:50:38.013
car_ID_37,FLUSH,41,car,9,678,72,610,0.7642,2026-07-28 21:50:39.212,2026-07-28 21:50:39.714
truck_ID_14,FLUSH,44,truck,712,279,712,279,0.3030,2026-07-28 21:50:39.863,2026-07-28 21:50:39.883
car_ID_23,FLUSH,26,car,92,705,547,307,0.6237,2026-07-28 21:50:32.353,2026-07-28 21:50:39.953
car_ID_28,FLUSH,32,car,7,676,468,331,0.7072,2026-07-28 21:50:33.922,2026-07-28 21:50:40.049
car_ID_31,FLUSH,34,car,707,281,1187,690,0.6303,2026-07-28 21:50:35.649,2026-07-28 21:50:40.149
car_ID_39,FLUSH,43,car,82,589,92,573,0.5638,2026-07-28 21:50:39.863,2026-07-28 21:50:40.415
bus_ID_10,FLUSH,44,bus,713,280,722,287,0.4549,2026-07-28 21:50:39.924,2026-07-28 21:50:40.954
car_ID_40,FLUSH,47,car,482,322,490,318,0.3482,2026-07-28 21:50:40.218,2026-07-28 21:50:41.016
car_ID_29,FLUSH,31,car,421,584,587,297,0.4961,2026-07-28 21:50:33.986,2026-07-28 21:50:41.516
car_ID_34,FLUSH,37,car,704,284,1182,696,0.6438,2026-07-28 21:50:37.053,2026-07-28 21:50:41.545
truck_ID_17,FLUSH,50,truck,20,666,63,633,0.3778,2026-07-28 21:50:41.217,2026-07-28 21:50:41.651
truck_ID_19,FLUSH,49,truck,40,650,80,603,0.5490,2026-07-28 21:50:41.318,2026-07-28 21:50:41.678
car_ID_30,FLUSH,33,car,114,702,543,312,0.6293,2026-07-28 21:50:34.414,2026-07-28 21:50:41.749
truck_ID_12,FLUSH,39,truck,730,271,859,347,0.5601,2026-07-28 21:50:38.253,2026-07-28 21:50:42.049
truck_ID_20,FLUSH,53,truck,152,675,164,669,0.4802,2026-07-28 21:50:41.984,2026-07-28 21:50:42.049
bus_ID_11,FLUSH,46,bus,760,289,838,335,0.4918,2026-07-28 21:50:40.049,2026-07-28 21:50:42.052
car_ID_33,FLUSH,36,car,10,687,460,338,0.7385,2026-07-28 21:50:36.717,2026-07-28 21:50:42.517
car_ID_44,FLUSH,50,car,53,644,164,670,0.4162,2026-07-28 21:50:41.414,2026-07-28 21:50:42.517
car_ID_47,FLUSH,41,car,353,399,370,389,0.3493,2026-07-28 21:50:42.216,2026-07-28 21:50:42.515
bus_ID_12,FLUSH,39,bus,764,292,861,348,0.4131,2026-07-28 21:50:40.148,2026-07-28 21:50:42.548
bus_ID_15,FLUSH,41,bus,380,382,380,382,0.3885,2026-07-28 21:50:42.712,2026-07-28 21:50:42.712
bus_ID_14,FLUSH,52,bus,741,305,845,393,0.5363,2026-07-28 21:50:41.318,2026-07-28 21:50:42.981
truck_ID_21,FLUSH,57,truck,380,381,380,381,0.3565,2026-07-28 21:50:42.748,2026-07-28 21:50:43.220
car_ID_35,FLUSH,38,car,80,707,529,319,0.6776,2026-07-28 21:50:37.183,2026-07-28 21:50:43.448
truck_ID_18,FLUSH,52,truck,739,303,853,400,0.5054,2026-07-28 21:50:41.253,2026-07-28 21:50:43.514
car_ID_32,FLUSH,35,car,365,701,587,307,0.6276,2026-07-28 21:50:36.329,2026-07-28 21:50:43.849
truck_ID_15,FLUSH,45,truck,713,280,1086,548,0.5950,2026-07-28 21:50:39.983,2026-07-28 21:50:43.914
car_ID_51,FLUSH,59,car,741,289,746,292,0.3214,2026-07-28 21:50:43.514,2026-07-28 21:50:44.250
truck_ID_22,FLUSH,54,truck,821,411,821,411,0.3458,2026-07-28 21:50:44.382,2026-07-28 21:50:44.382
bus_ID_13,FLUSH,45,bus,723,288,1089,551,0.5525,2026-07-28 21:50:40.512,2026-07-28 21:50:44.413
car_ID_41,FLUSH,48,car,681,303,880,657,0.6690,2026-07-28 21:50:40.917,2026-07-28 21:50:44.450
car_ID_52,FLUSH,60,car,548,303,548,303,0.3478,2026-07-28 21:50:44.250,2026-07-28 21:50:44.752
truck_ID_16,FLUSH,46,truck,764,292,1170,603,0.6652,2026-07-28 21:50:40.149,2026-07-28 21:50:44.851
truck_ID_23,FLUSH,62,truck,438,615,438,615,0.3864,2026-07-28 21:50:45.081,2026-07-28 21:50:45.081
car_ID_55,FLUSH,63,car,726,305,726,305,0.3279,2026-07-28 21:50:44.950,2026-07-28 21:50:45.419
car_ID_57,FLUSH,65,car,439,613,439,613,0.5440,2026-07-28 21:50:45.116,2026-07-28 21:50:45.584
car_ID_48,FLUSH,55,car,681,308,900,699,0.6021,2026-07-28 21:50:42.348,2026-07-28 21:50:45.717
car_ID_36,FLUSH,40,car,110,704,533,318,0.6453,2026-07-28 21:50:38.917,2026-07-28 21:50:45.783
car_ID_38,FLUSH,42,car,359,701,584,315,0.6165,2026-07-28 21:50:39.380,2026-07-28 21:50:45.984
car_ID_46,FLUSH,54,car,714,297,1154,696,0.5759,2026-07-28 21:50:41.855,2026-07-28 21:50:46.014
truck_ID_13,FLUSH,41,truck,75,604,480,322,0.5859,2026-07-28 21:50:39.749,2026-07-28 21:50:46.114
truck_ID_25,FLUSH,72,truck,40,648,40,648,0.4099,2026-07-28 21:50:46.547,2026-07-28 21:50:46.581
bus_ID_16,FLUSH,71,bus,407,639,407,639,0.3564,2026-07-28 21:50:46.990,2026-07-28 21:50:46.990
car_ID_43,FLUSH,51,car,387,704,579,325,0.6437,2026-07-28 21:50:41.219,2026-07-28 21:50:47.024
car_ID_66,FLUSH,74,car,865,360,904,386,0.3533,2026-07-28 21:50:46.714,2026-07-28 21:50:47.053
car_ID_50,FLUSH,58,car,675,289,910,698,0.5716,2026-07-28 21:50:43.185,2026-07-28 21:50:47.131
car_ID_42,FLUSH,49,car,8,679,471,331,0.6020,2026-07-28 21:50:41.118,2026-07-28 21:50:47.464
bus_ID_17,FLUSH,75,bus,400,647,400,647,0.3789,2026-07-28 21:50:46.992,2026-07-28 21:50:47.464
car_ID_61,FLUSH,69,car,14,680,136,565,0.4377,2026-07-28 21:50:46.382,2026-07-28 21:50:47.495
truck_ID_29,FLUSH,77,truck,137,565,195,527,0.5065,2026-07-28 21:50:47.180,2026-07-28 21:50:47.550
bus_ID_18,FLUSH,69,bus,80,576,83,569,0.6228,2026-07-28 21:50:47.520,2026-07-28 21:50:47.580
car_ID_67,FLUSH,77,car,106,586,206,519,0.3740,2026-07-28 21:50:47.059,2026-07-28 21:50:48.051
car_ID_68,FLUSH,78,car,965,429,1220,613,0.5337,2026-07-28 21:50:47.221,2026-07-28 21:50:48.081
truck_ID_30,FLUSH,61,truck,965,429,1221,614,0.4476,2026-07-28 21:50:47.217,2026-07-28 21:50:48.081
bus_ID_19,FLUSH,61,bus,1231,623,1231,623,0.3939,2026-07-28 21:50:48.117,2026-07-28 21:50:48.117
truck_ID_27,FLUSH,76,truck,20,629,101,550,0.5470,2026-07-28 21:50:47.024,2026-07-28 21:50:48.187
truck_ID_26,FLUSH,74,truck,878,369,1083,494,0.4173,2026-07-28 21:50:46.813,2026-07-28 21:50:48.384
car_ID_59,FLUSH,67,car,748,326,1187,697,0.6959,2026-07-28 21:50:45.650,2026-07-28 21:50:48.516
car_ID_53,FLUSH,61,car,763,303,1253,640,0.5348,2026-07-28 21:50:44.549,2026-07-28 21:50:48.655
car_ID_49,FLUSH,56,car,357,701,584,317,0.6471,2026-07-28 21:50:42.517,2026-07-28 21:50:48.751
truck_ID_28,FLUSH,78,truck,938,413,1240,613,0.4904,2026-07-28 21:50:47.150,2026-07-28 21:50:48.782
car_ID_45,FLUSH,53,car,102,703,540,314,0.6026,2026-07-28 21:50:41.785,2026-07-28 21:50:49.013
car_ID_73,FLUSH,83,car,9,651,47,607,0.5606,2026-07-28 21:50:49.013,2026-07-28 21:50:49.317
car_ID_60,FLUSH,68,car,782,320,1252,667,0.7271,2026-07-28 21:50:46.114,2026-07-28 21:50:49.519
car_ID_58,FLUSH,66,car,710,289,1158,694,0.6809,2026-07-28 21:50:45.316,2026-07-28 21:50:49.548
car_ID_62,FLUSH,70,car,708,281,838,407,0.3939,2026-07-28 21:50:46.416,2026-07-28 21:50:49.718
truck_ID_35,FLUSH,73,truck,1025,479,1025,479,0.3672,2026-07-28 21:50:49.748,2026-07-28 21:50:49.748
car_ID_76,FLUSH,85,car,103,543,104,541,0.3151,2026-07-28 21:50:49.814,2026-07-28 21:50:49.850
truck_ID_32,FLUSH,82,truck,769,339,860,428,0.4979,2026-07-28 21:50:48.847,2026-07-28 21:50:49.881
car_ID_75,FLUSH,86,car,679,287,680,289,0.3447,2026-07-28 21:50:49.519,2026-07-28 21:50:50.157
truck_ID_33,FLUSH,83,truck,33,617,103,542,0.7457,2026-07-28 21:50:49.185,2026-07-28 21:50:50.316
car_ID_72,FLUSH,82,car,770,340,867,434,0.3537,2026-07-28 21:50:48.883,2026-07-28 21:50:50.382
car_ID_54,FLUSH,62,car,384,696,582,320,0.6249,2026-07-28 21:50:44.615,2026-07-28 21:50:50.513
truck_ID_31,FLUSH,70,truck,742,314,1089,612,0.5428,2026-07-28 21:50:48.186,2026-07-28 21:50:50.588
bus_ID_21,FLUSH,88,bus,1089,610,1089,610,0.5027,2026-07-28 21:50:50.589,2026-07-28 21:50:50.589
truck_ID_36,FLUSH,88,truck,1050,599,1161,645,0.4915,2026-07-28 21:50:50.552,2026-07-28 21:50:50.750
car_ID_65,FLUSH,73,car,752,297,1252,658,0.6802,2026-07-28 21:50:46.548,2026-07-28 21:50:50.814
bus_ID_20,FLUSH,70,bus,1044,596,1118,622,0.7190,2026-07-28 21:50:50.513,2026-07-28 21:50:51.116
car_ID_80,FLUSH,92,car,17,614,17,614,0.4206,2026-07-28 21:50:50.750,2026-07-28 21:50:51.219
car_ID_81,FLUSH,88,car,1174,656,1174,656,0.3414,2026-07-28 21:50:50.786,2026-07-28 21:50:51.255
car_ID_70,FLUSH,80,car,695,315,913,687,0.5855,2026-07-28 21:50:48.655,2026-07-28 21:50:51.619
car_ID_56,FLUSH,64,car,121,699,540,316,0.6357,2026-07-28 21:50:45.048,2026-07-28 21:50:52.552
car_ID_84,FLUSH,95,car,673,266,678,271,0.3227,2026-07-28 21:50:51.321,2026-07-28 21:50:52.648
car_ID_86,FLUSH,97,car,61,698,121,653,0.4244,2026-07-28 21:50:52.648,2026-07-28 21:50:52.947
car_ID_74,FLUSH,84,car,778,312,1262,656,0.7179,2026-07-28 21:50:49.247,2026-07-28 21:50:52.984
truck_ID_24,FLUSH,69,truck,25,666,454,335,0.5491,2026-07-28 21:50:46.415,2026-07-28 21:50:52.984
truck_ID_39,FLUSH,98,truck,114,654,114,654,0.3114,2026-07-28 21:50:52.947,2026-07-28 21:50:52.984
car_ID_87,FLUSH,98,car,126,643,128,642,0.5402,2026-07-28 21:50:53.016,2026-07-28 21:50:53.513
car_ID_77,FLUSH,87,car,689,307,920,703,0.6837,2026-07-28 21:50:50.513,2026-07-28 21:50:53.649
car_ID_89,FLUSH,100,car,687,284,688,287,0.3916,2026-07-28 21:50:53.246,2026-07-28 21:50:53.950
car_ID_64,FLUSH,72,car,31,655,541,315,0.6443,2026-07-28 21:50:46.516,2026-07-28 21:50:53.984
car_ID_82,FLUSH,93,car,781,333,1234,662,0.6940,2026-07-28 21:50:50.951,2026-07-28 21:50:53.983
truck_ID_40,FLUSH,102,truck,474,325,480,321,0.3979,2026-07-28 21:50:53.549,2026-07-28 21:50:54.184
truck_ID_42,FLUSH,94,truck,1185,591,1185,591,0.3527,2026-07-28 21:50:54.382,2026-07-28 21:50:54.382
car_ID_93,FLUSH,106,car,552,305,552,305,0.3173,2026-07-28 21:50:54.248,2026-07-28 21:50:54.717
truck_ID_34,FLUSH,85,truck,48,609,425,345,0.6199,2026-07-28 21:50:49.349,2026-07-28 21:50:54.746
car_ID_79,FLUSH,90,car,677,285,952,698,0.5744,2026-07-28 21:50:50.589,2026-07-28 21:50:54.785
car_ID_63,FLUSH,71,car,350,705,589,297,0.5672,2026-07-28 21:50:46.516,2026-07-28 21:50:54.949
car_ID_83,FLUSH,94,car,775,312,1257,663,0.6955,2026-07-28 21:50:51.220,2026-07-28 21:50:55.118
bus_ID_26,FLUSH,113,bus,34,592,40,588,0.4483,2026-07-28 21:50:55.348,2026-07-28 21:50:55.380
car_ID_97,FLUSH,110,car,1062,511,1062,511,0.6274,2026-07-28 21:50:55.050,2026-07-28 21:50:55.516
car_ID_88,FLUSH,99,car,807,338,1225,652,0.7138,2026-07-28 21:50:53.149,2026-07-28 21:50:55.550
truck_ID_43,FLUSH,99,truck,1058,509,1258,676,0.3431,2026-07-28 21:50:55.014,2026-07-28 21:50:56.050
car_ID_69,FLUSH,79,car,100,698,542,308,0.6211,2026-07-28 21:50:48.254,2026-07-28 21:50:56.184
car_ID_71,FLUSH,81,car,381,704,583,308,0.6122,2026-07-28 21:50:48.814,2026-07-28 21:50:56.184
truck_ID_44,FLUSH,111,truck,727,331,891,497,0.6362,2026-07-28 21:50:55.119,2026-07-28 21:50:56.615
bus_ID_24,FLUSH,111,bus,733,338,895,501,0.4835,2026-07-28 21:50:55.215,2026-07-28 21:50:57.123
bus_ID_23,FLUSH,104,bus,726,330,1128,639,0.6412,2026-07-28 21:50:55.079,2026-07-28 21:50:57.150
truck_ID_45,FLUSH,112,truck,406,424,492,353,0.4876,2026-07-28 21:50:55.182,2026-07-28 21:50:57.182
truck_ID_49,FLUSH,107,truck,1019,473,1056,497,0.4931,2026-07-28 21:50:57.181,2026-07-28 21:50:57.316
car_ID_92,FLUSH,105,car,794,329,1266,670,0.7066,2026-07-28 21:50:54.215,2026-07-28 21:50:57.450
truck_ID_48,FLUSH,120,truck,1119,629,1119,629,0.3752,2026-07-28 21:50:57.151,2026-07-28 21:50:57.614
bus_ID_25,FLUSH,112,bus,412,419,493,352,0.3848,2026-07-28 21:50:55.287,2026-07-28 21:50:57.714
truck_ID_41,FLUSH,104,truck,699,300,1172,678,0.5118,2026-07-28 21:50:54.154,2026-07-28 21:50:57.749
car_ID_103,FLUSH,121,car,1022,475,1056,496,0.5745,2026-07-28 21:50:57.216,2026-07-28 21:50:57.787
bus_ID_22,FLUSH,97,bus,373,457,514,333,0.4196,2026-07-28 21:50:54.681,2026-07-28 21:50:58.281
car_ID_94,FLUSH,107,car,768,311,1261,661,0.5923,2026-07-28 21:50:54.547,2026-07-28 21:50:58.351
car_ID_78,FLUSH,89,car,124,698,539,309,0.6220,2026-07-28 21:50:50.589,2026-07-28 21:50:58.415
car_ID_96,FLUSH,109,car,682,296,940,705,0.6425,2026-07-28 21:50:54.815,2026-07-28 21:50:58.451
car_ID_102,FLUSH,118,car,768,340,1167,696,0.6713,2026-07-28 21:50:56.152,2026-07-28 21:50:58.548
bus_ID_28,FLUSH,113,bus,140,534,314,390,0.4987,2026-07-28 21:50:56.683,2026-07-28 21:50:58.781
truck_ID_38,FLUSH,97,truck,87,686,525,320,0.5277,2026-07-28 21:50:52.714,2026-07-28 21:50:58.948
truck_ID_50,FLUSH,130,truck,1188,600,1188,600,0.4577,2026-07-28 21:50:58.949,2026-07-28 21:50:59.418
car_ID_85,FLUSH,96,car,397,703,594,300,0.5976,2026-07-28 21:50:51.415,2026-07-28 21:50:59.551
car_ID_100,FLUSH,116,car,772,312,1246,659,0.5953,2026-07-28 21:50:56.051,2026-07-28 21:50:59.549
car_ID_91,FLUSH,103,car,16,677,444,340,0.6344,2026-07-28 21:50:53.583,2026-07-28 21:50:59.584
truck_ID_37,FLUSH,91,truck,11,632,483,298,0.7327,2026-07-28 21:50:50.716,2026-07-28 21:50:59.584
car_ID_112,FLUSH,97,car,526,319,526,317,0.3448,2026-07-28 21:50:58.981,2026-07-28 21:50:59.647
truck_ID_52,FLUSH,132,truck,1085,541,1085,541,0.3414,2026-07-28 21:50:59.721,2026-07-28 21:50:59.721
car_ID_99,FLUSH,115,car,732,288,1083,539,0.6088,2026-07-28 21:50:56.051,2026-07-28 21:50:59.746
car_ID_101,FLUSH,117,car,682,286,965,690,0.5815,2026-07-28 21:50:56.051,2026-07-28 21:51:00.216
truck_ID_51,FLUSH,115,truck,1053,518,1119,564,0.3657,2026-07-28 21:50:59.612,2026-07-28 21:51:00.248
truck_ID_46,FLUSH,113,truck,26,597,409,340,0.7039,2026-07-28 21:50:55.320,2026-07-28 21:51:00.515
car_ID_114,FLUSH,132,car,1058,521,1262,679,0.4890,2026-07-28 21:50:59.648,2026-07-28 21:51:00.615
car_ID_90,FLUSH,101,car,371,702,584,309,0.6758,2026-07-28 21:50:53.382,2026-07-28 21:51:00.988
car_ID_116,FLUSH,134,car,681,287,683,292,0.3144,2026-07-28 21:51:00.216,2026-07-28 21:51:00.989
bus_ID_29,FLUSH,113,bus,384,353,412,338,0.4279,2026-07-28 21:50:59.919,2026-07-28 21:51:01.051
car_ID_95,FLUSH,108,car,125,700,532,322,0.6582,2026-07-28 21:50:54.584,2026-07-28 21:51:01.383
bus_ID_27,FLUSH,119,bus,128,540,439,323,0.4580,2026-07-28 21:50:56.521,2026-07-28 21:51:01.451
bus_ID_30,FLUSH,126,bus,1237,647,1249,656,0.6904,2026-07-28 21:51:01.614,2026-07-28 21:51:01.680
car_ID_121,FLUSH,139,car,1237,646,1247,650,0.5641,2026-07-28 21:51:01.648,2026-07-28 21:51:02.150
car_ID_108,FLUSH,126,car,788,321,1262,667,0.6752,2026-07-28 21:50:58.654,2026-07-28 21:51:02.186
car_ID_105,FLUSH,123,car,712,291,1152,695,0.5838,2026-07-28 21:50:58.249,2026-07-28 21:51:02.384
truck_ID_58,FLUSH,144,truck,31,635,31,635,0.3779,2026-07-28 21:51:02.884,2026-07-28 21:51:02.884
car_ID_106,FLUSH,124,car,680,287,940,698,0.6207,2026-07-28 21:50:58.548,2026-07-28 21:51:02.953
car_ID_126,FLUSH,145,car,32,635,32,635,0.4349,2026-07-28 21:51:02.923,2026-07-28 21:51:02.953
truck_ID_47,FLUSH,119,truck,138,535,469,310,0.5430,2026-07-28 21:50:56.684,2026-07-28 21:51:03.181
car_ID_117,FLUSH,135,car,20,643,324,414,0.6688,2026-07-28 21:51:00.749,2026-07-28 21:51:03.281
truck_ID_55,FLUSH,137,truck,81,579,304,425,0.5062,2026-07-28 21:51:01.349,2026-07-28 21:51:03.282
car_ID_109,FLUSH,127,car,710,289,1143,696,0.5989,2026-07-28 21:50:58.849,2026-07-28 21:51:03.416
car_ID_127,FLUSH,146,car,680,296,680,296,0.3066,2026-07-28 21:51:02.953,2026-07-28 21:51:03.416
truck_ID_59,FLUSH,145,truck,45,627,51,622,0.3547,2026-07-28 21:51:02.981,2026-07-28 21:51:03.521
car_ID_110,FLUSH,128,car,754,299,1258,666,0.6796,2026-07-28 21:50:58.949,2026-07-28 21:51:03.580
truck_ID_60,FLUSH,147,truck,403,662,403,662,0.4014,2026-07-28 21:51:03.579,2026-07-28 21:51:03.579
car_ID_104,FLUSH,122,car,107,701,517,335,0.6893,2026-07-28 21:50:57.352,2026-07-28 21:51:03.816
truck_ID_53,FLUSH,135,truck,89,569,329,411,0.4532,2026-07-28 21:51:01.347,2026-07-28 21:51:03.816
car_ID_98,FLUSH,114,car,349,708,593,299,0.6395,2026-07-28 21:50:55.951,2026-07-28 21:51:03.950
truck_ID_57,FLUSH,143,truck,535,280,541,278,0.3652,2026-07-28 21:51:02.717,2026-07-28 21:51:03.983
truck_ID_54,FLUSH,136,truck,212,613,452,391,0.4890,2026-07-28 21:51:01.348,2026-07-28 21:51:04.253
car_ID_119,FLUSH,138,car,214,610,464,378,0.5522,2026-07-28 21:51:01.383,2026-07-28 21:51:04.546
truck_ID_63,FLUSH,137,truck,404,364,404,364,0.3039,2026-07-28 21:51:04.752,2026-07-28 21:51:04.752
car_ID_122,FLUSH,140,car,697,317,925,688,0.6574,2026-07-28 21:51:01.717,2026-07-28 21:51:04.782
truck_ID_61,FLUSH,149,truck,188,651,290,555,0.4470,2026-07-28 21:51:04.283,2026-07-28 21:51:04.851
truck_ID_62,FLUSH,154,truck,223,622,293,548,0.4812,2026-07-28 21:51:04.414,2026-07-28 21:51:04.881
car_ID_107,FLUSH,125,car,11,682,458,338,0.6763,2026-07-28 21:50:58.654,2026-07-28 21:51:05.014
car_ID_111,FLUSH,129,car,375,704,577,331,0.6445,2026-07-28 21:50:58.949,2026-07-28 21:51:05.056
car_ID_113,FLUSH,131,car,111,705,515,339,0.6943,2026-07-28 21:50:59.014,2026-07-28 21:51:05.181
truck_ID_56,FLUSH,138,truck,226,599,472,373,0.4105,2026-07-28 21:51:01.416,2026-07-28 21:51:05.248
car_ID_130,FLUSH,149,car,136,689,293,548,0.5519,2026-07-28 21:51:03.950,2026-07-28 21:51:05.350
person_ID_1,FLUSH,157,person,308,623,317,615,0.5187,2026-07-28 21:51:05.415,2026-07-28 21:51:05.452
car_ID_120,FLUSH,137,car,119,541,415,359,0.5276,2026-07-28 21:51:01.546,2026-07-28 21:51:05.515
truck_ID_64,FLUSH,141,truck,1084,530,1204,624,0.4080,2026-07-28 21:51:05.314,2026-07-28 21:51:05.583
motorcycle_ID_1,FLUSH,158,motorcycle,297,659,304,648,0.4704,2026-07-28 21:51:05.415,2026-07-28 21:51:05.914
car_ID_124,FLUSH,142,car,727,309,1206,620,0.6609,2026-07-28 21:51:02.215,2026-07-28 21:51:06.045
car_ID_123,FLUSH,141,car,758,302,1252,674,0.6633,2026-07-28 21:51:01.954,2026-07-28 21:51:06.214
motorcycle_ID_2,FLUSH,157,motorcycle,322,623,410,512,0.3625,2026-07-28 21:51:05.483,2026-07-28 21:51:06.514
car_ID_115,FLUSH,133,car,332,698,567,328,0.6484,2026-07-28 21:51:00.192,2026-07-28 21:51:06.549
truck_ID_65,FLUSH,148,truck,887,463,941,514,0.3432,2026-07-28 21:51:06.349,2026-07-28 21:51:06.647
truck_ID_66,FLUSH,162,truck,971,540,971,540,0.3301,2026-07-28 21:51:06.685,2026-07-28 21:51:06.685
car_ID_132,FLUSH,151,car,699,328,908,682,0.6165,2026-07-28 21:51:03.984,2026-07-28 21:51:06.750
car_ID_118,FLUSH,136,car,100,685,512,337,0.4563,2026-07-28 21:51:00.783,2026-07-28 21:51:07.016
car_ID_129,FLUSH,148,car,716,296,967,539,0.5415,2026-07-28 21:51:03.382,2026-07-28 21:51:07.147
car_ID_133,FLUSH,152,car,687,306,921,702,0.6241,2026-07-28 21:51:04.015,2026-07-28 21:51:07.581
car_ID_141,FLUSH,162,car,888,466,1171,694,0.6216,2026-07-28 21:51:06.416,2026-07-28 21:51:07.581
truck_ID_68,FLUSH,166,truck,1016,470,1016,470,0.4099,2026-07-28 21:51:07.813,2026-07-28 21:51:07.813
car_ID_125,FLUSH,144,car,13,654,422,358,0.6734,2026-07-28 21:51:02.751,2026-07-28 21:51:07.850
truck_ID_67,FLUSH,150,truck,1024,475,1029,478,0.3493,2026-07-28 21:51:07.813,2026-07-28 21:51:07.846
car_ID_145,FLUSH,166,car,1025,476,1025,476,0.7236,2026-07-28 21:51:07.850,2026-07-28 21:51:08.316
car_ID_134,FLUSH,153,car,710,291,1186,697,0.5976,2026-07-28 21:51:04.253,2026-07-28 21:51:08.851
car_ID_131,FLUSH,150,car,743,288,1265,665,0.5971,2026-07-28 21:51:03.950,2026-07-28 21:51:08.988
car_ID_140,FLUSH,161,car,694,323,924,702,0.6201,2026-07-28 21:51:06.214,2026-07-28 21:51:09.055
car_ID_152,FLUSH,173,car,704,277,704,277,0.3066,2026-07-28 21:51:08.783,2026-07-28 21:51:09.250
car_ID_135,FLUSH,154,car,193,650,492,348,0.5987,2026-07-28 21:51:04.346,2026-07-28 21:51:09.383
car_ID_139,FLUSH,160,car,679,289,853,586,0.5252,2026-07-28 21:51:06.185,2026-07-28 21:51:09.646
truck_ID_70,FLUSH,175,truck,815,523,815,523,0.4127,2026-07-28 21:51:09.552,2026-07-28 21:51:09.651
car_ID_136,FLUSH,155,car,7,677,434,355,0.7000,2026-07-28 21:51:04.449,2026-07-28 21:51:09.851
car_ID_143,FLUSH,164,car,793,325,1257,664,0.6757,2026-07-28 21:51:06.949,2026-07-28 21:51:10.184
truck_ID_69,FLUSH,160,truck,830,547,886,635,0.3941,2026-07-28 21:51:09.551,2026-07-28 21:51:10.215
car_ID_128,FLUSH,147,car,374,705,583,320,0.5615,2026-07-28 21:51:03.250,2026-07-28 21:51:10.386
car_ID_154,FLUSH,175,car,863,602,942,692,0.7505,2026-07-28 21:51:09.683,2026-07-28 21:51:10.386
truck_ID_72,FLUSH,179,truck,454,598,459,585,0.5065,2026-07-28 21:51:11.021,2026-07-28 21:51:11.149
truck_ID_71,FLUSH,177,truck,456,592,471,561,0.4183,2026-07-28 21:51:11.021,2026-07-28 21:51:11.180
car_ID_137,FLUSH,156,car,366,701,577,327,0.6424,2026-07-28 21:51:04.915,2026-07-28 21:51:11.522
bus_ID_31,FLUSH,180,bus,1246,651,1246,651,0.6345,2026-07-28 21:51:11.055,2026-07-28 21:51:11.522
car_ID_146,FLUSH,167,car,793,325,1259,660,0.6456,2026-07-28 21:51:08.414,2026-07-28 21:51:11.553
truck_ID_73,FLUSH,171,truck,792,477,792,477,0.4242,2026-07-28 21:51:11.553,2026-07-28 21:51:11.553
car_ID_158,FLUSH,179,car,455,591,471,561,0.6129,2026-07-28 21:51:11.055,2026-07-28 21:51:11.648
car_ID_149,FLUSH,170,car,771,309,1253,657,0.6930,2026-07-28 21:51:08.590,2026-07-28 21:51:12.351
car_ID_148,FLUSH,169,car,726,306,1175,697,0.5893,2026-07-28 21:51:08.452,2026-07-28 21:51:12.381
truck_ID_76,FLUSH,186,truck,134,682,134,682,0.3452,2026-07-28 21:51:12.381,2026-07-28 21:51:12.448
truck_ID_75,FLUSH,185,truck,140,679,167,663,0.4164,2026-07-28 21:51:12.380,2026-07-28 21:51:12.512
car_ID_150,FLUSH,171,car,684,293,951,688,0.5514,2026-07-28 21:51:08.615,2026-07-28 21:51:12.648
car_ID_153,FLUSH,174,car,711,284,827,390,0.3648,2026-07-28 21:51:09.450,2026-07-28 21:51:12.683
truck_ID_77,FLUSH,187,truck,803,370,828,391,0.5219,2026-07-28 21:51:12.414,2026-07-28 21:51:12.683
car_ID_164,FLUSH,186,car,163,668,168,664,0.4640,2026-07-28 21:51:12.484,2026-07-28 21:51:12.985
car_ID_144,FLUSH,165,car,13,673,469,331,0.5863,2026-07-28 21:51:07.117,2026-07-28 21:51:13.181
car_ID_165,FLUSH,187,car,813,380,839,401,0.3312,2026-07-28 21:51:12.549,2026-07-28 21:51:13.248
car_ID_142,FLUSH,163,car,383,702,581,324,0.6256,2026-07-28 21:51:06.750,2026-07-28 21:51:13.650
bus_ID_33,FLUSH,174,bus,994,538,1092,612,0.4095,2026-07-28 21:51:13.552,2026-07-28 21:51:13.756
bus_ID_32,FLUSH,190,bus,974,519,1148,632,0.6106,2026-07-28 21:51:13.518,2026-07-28 21:51:13.852
truck_ID_79,FLUSH,192,truck,354,495,354,495,0.4171,2026-07-28 21:51:13.651,2026-07-28 21:51:14.118
car_ID_138,FLUSH,159,car,113,698,538,313,0.6180,2026-07-28 21:51:06.151,2026-07-28 21:51:14.152
car_ID_159,FLUSH,181,car,701,334,904,693,0.6245,2026-07-28 21:51:11.781,2026-07-28 21:51:14.218
truck_ID_74,FLUSH,174,truck,789,355,1113,620,0.5490,2026-07-28 21:51:12.150,2026-07-28 21:51:14.253
truck_ID_78,FLUSH,190,truck,995,538,1197,666,0.4095,2026-07-28 21:51:13.556,2026-07-28 21:51:14.450
truck_ID_80,FLUSH,184,truck,1018,475,1018,475,0.4064,2026-07-28 21:51:14.980,2026-07-28 21:51:14.980
car_ID_161,FLUSH,183,car,687,309,907,699,0.6716,2026-07-28 21:51:12.050,2026-07-28 21:51:15.246
car_ID_160,FLUSH,182,car,744,316,1185,694,0.7397,2026-07-28 21:51:11.981,2026-07-28 21:51:15.349
car_ID_147,FLUSH,168,car,86,703,518,327,0.6773,2026-07-28 21:51:08.414,2026-07-28 21:51:15.513
car_ID_151,FLUSH,172,car,333,706,576,321,0.6246,2026-07-28 21:51:08.717,2026-07-28 21:51:15.545
car_ID_156,FLUSH,177,car,391,696,576,333,0.6212,2026-07-28 21:51:10.450,2026-07-28 21:51:16.049
car_ID_162,FLUSH,184,car,768,308,1253,657,0.5684,2026-07-28 21:51:12.215,2026-07-28 21:51:16.114
car_ID_157,FLUSH,178,car,12,672,476,327,0.6546,2026-07-28 21:51:10.518,2026-07-28 21:51:16.549
truck_ID_81,FLUSH,191,truck,945,519,1012,586,0.4039,2026-07-28 21:51:16.716,2026-07-28 21:51:16.913
truck_ID_82,FLUSH,199,truck,981,556,1080,646,0.3387,2026-07-28 21:51:16.816,2026-07-28 21:51:17.081
car_ID_155,FLUSH,176,car,123,700,528,329,0.6511,2026-07-28 21:51:10.318,2026-07-28 21:51:17.153
car_ID_167,FLUSH,189,car,681,296,920,696,0.5749,2026-07-28 21:51:13.383,2026-07-28 21:51:17.153
car_ID_168,FLUSH,191,car,725,303,1029,598,0.5671,2026-07-28 21:51:13.650,2026-07-28 21:51:17.414
truck_ID_85,FLUSH,195,truck,1031,486,1031,486,0.3076,2026-07-28 21:51:17.578,2026-07-28 21:51:17.578
car_ID_175,FLUSH,199,car,949,524,1160,696,0.3910,2026-07-28 21:51:16.784,2026-07-28 21:51:17.722
car_ID_166,FLUSH,188,car,6,689,434,354,0.7014,2026-07-28 21:51:12.818,2026-07-28 21:51:17.785
truck_ID_83,FLUSH,203,truck,13,658,142,534,0.4066,2026-07-28 21:51:17.350,2026-07-28 21:51:18.181
truck_ID_84,FLUSH,201,truck,24,649,174,514,0.3804,2026-07-28 21:51:17.382,2026-07-28 21:51:18.349
car_ID_173,FLUSH,197,car,684,302,925,697,0.5687,2026-07-28 21:51:15.052,2026-07-28 21:51:18.655
car_ID_171,FLUSH,195,car,763,304,1271,675,0.6215,2026-07-28 21:51:14.781,2026-07-28 21:51:18.720
car_ID_172,FLUSH,196,car,722,299,1159,690,0.6403,2026-07-28 21:51:14.849,2026-07-28 21:51:18.720
car_ID_169,FLUSH,193,car,360,687,562,343,0.6469,2026-07-28 21:51:13.756,2026-07-28 21:51:18.751
car_ID_163,FLUSH,185,car,121,701,522,329,0.6118,2026-07-28 21:51:12.247,2026-07-28 21:51:18.782
car_ID_179,FLUSH,203,car,24,649,173,514,0.5719,2026-07-28 21:51:17.382,2026-07-28 21:51:18.815
truck_ID_89,FLUSH,202,truck,1106,546,1106,546,0.3452,2026-07-28 21:51:19.682,2026-07-28 21:51:19.682
car_ID_183,FLUSH,207,car,732,305,883,445,0.4326,2026-07-28 21:51:17.614,2026-07-28 21:51:19.883
car_ID_182,FLUSH,206,car,757,331,1188,696,0.7077,2026-07-28 21:51:17.580,2026-07-28 21:51:20.316
truck_ID_90,FLUSH,216,truck,144,554,144,554,0.3264,2026-07-28 21:51:20.152,2026-07-28 21:51:20.350
car_ID_181,FLUSH,205,car,697,317,943,697,0.6790,2026-07-28 21:51:17.414,2026-07-28 21:51:20.386
truck_ID_86,FLUSH,207,truck,779,349,890,452,0.4644,2026-07-28 21:51:18.881,2026-07-28 21:51:20.385
truck_ID_88,FLUSH,214,truck,46,653,196,517,0.3685,2026-07-28 21:51:19.550,2026-07-28 21:51:20.385
car_ID_189,FLUSH,212,car,815,386,1090,623,0.4441,2026-07-28 21:51:19.350,2026-07-28 21:51:20.483
car_ID_178,FLUSH,202,car,784,322,1260,677,0.6597,2026-07-28 21:51:17.349,2026-07-28 21:51:20.552
car_ID_193,FLUSH,217,car,96,680,110,664,0.4314,2026-07-28 21:51:20.450,2026-07-28 21:51:20.552
bus_ID_34,FLUSH,217,bus,138,646,161,637,0.3264,2026-07-28 21:51:20.716,2026-07-28 21:51:20.781
car_ID_192,FLUSH,216,car,196,517,196,517,0.4991,2026-07-28 21:51:20.385,2026-07-28 21:51:20.850
car_ID_185,FLUSH,209,car,796,327,1222,611,0.6600,2026-07-28 21:51:18.152,2026-07-28 21:51:20.981
truck_ID_87,FLUSH,212,truck,791,360,1182,659,0.5790,2026-07-28 21:51:19.117,2026-07-28 21:51:21.114
bus_ID_35,FLUSH,201,bus,415,361,417,359,0.3565,2026-07-28 21:51:21.015,2026-07-28 21:51:21.180
truck_ID_93,FLUSH,221,truck,142,646,142,646,0.5628,2026-07-28 21:51:20.785,2026-07-28 21:51:21.248
car_ID_170,FLUSH,194,car,103,706,528,320,0.6634,2026-07-28 21:51:13.952,2026-07-28 21:51:21.414
car_ID_184,FLUSH,208,car,685,302,927,693,0.6144,2026-07-28 21:51:17.952,2026-07-28 21:51:21.554
car_ID_174,FLUSH,198,car,394,699,574,328,0.6314,2026-07-28 21:51:15.747,2026-07-28 21:51:21.615
bus_ID_36,FLUSH,222,bus,476,527,486,505,0.3807,2026-07-28 21:51:21.553,2026-07-28 21:51:21.718
bus_ID_37,FLUSH,218,bus,492,492,493,491,0.3779,2026-07-28 21:51:21.815,2026-07-28 21:51:21.884
truck_ID_92,FLUSH,218,truck,386,661,497,484,0.3861,2026-07-28 21:51:20.748,2026-07-28 21:51:22.250
truck_ID_94,FLUSH,222,truck,399,651,512,453,0.4411,2026-07-28 21:51:20.850,2026-07-28 21:51:22.280
truck_ID_95,FLUSH,224,truck,493,492,493,492,0.3636,2026-07-28 21:51:21.855,2026-07-28 21:51:22.317
car_ID_188,FLUSH,213,car,732,317,1155,695,0.6765,2026-07-28 21:51:19.247,2026-07-28 21:51:22.450
car_ID_194,FLUSH,218,car,361,696,512,454,0.4898,2026-07-28 21:51:20.584,2026-07-28 21:51:22.748
car_ID_191,FLUSH,215,car,791,326,1267,683,0.6438,2026-07-28 21:51:19.851,2026-07-28 21:51:22.916
bus_ID_38,FLUSH,225,bus,424,411,426,409,0.3903,2026-07-28 21:51:22.949,2026-07-28 21:51:22.983
bus_ID_39,FLUSH,217,bus,428,407,428,407,0.3386,2026-07-28 21:51:23.013,2026-07-28 21:51:23.120
car_ID_187,FLUSH,211,car,679,288,937,688,0.5873,2026-07-28 21:51:19.015,2026-07-28 21:51:23.250
car_ID_190,FLUSH,214,car,10,679,416,366,0.6837,2026-07-28 21:51:19.351,2026-07-28 21:51:23.518
car_ID_203,FLUSH,228,car,595,303,596,302,0.3082,2026-07-28 21:51:23.415,2026-07-28 21:51:24.016
car_ID_177,FLUSH,201,car,13,658,490,317,0.5270,2026-07-28 21:51:17.349,2026-07-28 21:51:24.048
truck_ID_97,FLUSH,229,truck,134,689,134,689,0.4052,2026-07-28 21:51:24.116,2026-07-28 21:51:24.116
car_ID_199,FLUSH,225,car,407,426,479,362,0.4517,2026-07-28 21:51:22.651,2026-07-28 21:51:24.380
car_ID_180,FLUSH,204,car,361,705,582,317,0.6183,2026-07-28 21:51:17.382,2026-07-28 21:51:24.414
car_ID_201,FLUSH,217,car,409,425,481,359,0.3873,2026-07-28 21:51:22.681,2026-07-28 21:51:24.518
car_ID_186,FLUSH,210,car,124,705,572,329,0.7167,2026-07-28 21:51:18.416,2026-07-28 21:51:24.656
truck_ID_98,FLUSH,230,truck,53,636,59,625,0.3802,2026-07-28 21:51:24.581,2026-07-28 21:51:24.656
car_ID_195,FLUSH,219,car,755,299,1264,668,0.6620,2026-07-28 21:51:20.651,2026-07-28 21:51:24.750
truck_ID_96,FLUSH,225,truck,409,426,480,361,0.4969,2026-07-28 21:51:22.682,2026-07-28 21:51:24.948
car_ID_207,FLUSH,232,car,54,633,58,626,0.5348,2026-07-28 21:51:24.617,2026-07-28 21:51:25.118
car_ID_209,FLUSH,234,car,26,701,57,674,0.4776,2026-07-28 21:51:25.050,2026-07-28 21:51:25.150
car_ID_208,FLUSH,233,car,581,318,581,318,0.3066,2026-07-28 21:51:24.983,2026-07-28 21:51:25.448
car_ID_196,FLUSH,220,car,706,282,1150,693,0.6051,2026-07-28 21:51:20.652,2026-07-28 21:51:25.614
car_ID_176,FLUSH,200,car,136,700,553,302,0.6383,2026-07-28 21:51:17.153,2026-07-28 21:51:26.358
car_ID_205,FLUSH,230,car,10,672,277,456,0.6941,2026-07-28 21:51:24.318,2026-07-28 21:51:26.415
truck_ID_91,FLUSH,217,truck,100,675,513,330,0.5685,2026-07-28 21:51:20.484,2026-07-28 21:51:26.415
truck_ID_100,FLUSH,238,truck,144,593,188,549,0.6477,2026-07-28 21:51:25.781,2026-07-28 21:51:26.547
bus_ID_40,FLUSH,234,bus,144,592,189,548,0.7059,2026-07-28 21:51:25.746,2026-07-28 21:51:26.581
truck_ID_101,FLUSH,226,truck,1097,649,1097,649,0.3977,2026-07-28 21:51:26.716,2026-07-28 21:51:26.716
bus_ID_41,FLUSH,238,bus,159,578,185,546,0.6375,2026-07-28 21:51:25.949,2026-07-28 21:51:27.115
car_ID_214,FLUSH,240,car,524,318,524,318,0.3779,2026-07-28 21:51:26.786,2026-07-28 21:51:27.255
car_ID_200,FLUSH,226,car,711,286,1184,697,0.5944,2026-07-28 21:51:22.651,2026-07-28 21:51:27.349
car_ID_202,FLUSH,227,car,677,285,921,694,0.6669,2026-07-28 21:51:22.983,2026-07-28 21:51:27.584
truck_ID_103,FLUSH,243,truck,1089,634,1089,634,0.5327,2026-07-28 21:51:27.948,2026-07-28 21:51:27.978
truck_ID_102,FLUSH,231,truck,1106,646,1151,675,0.3664,2026-07-28 21:51:27.947,2026-07-28 21:51:28.046
bus_ID_42,FLUSH,234,bus,384,409,385,408,0.3714,2026-07-28 21:51:28.213,2026-07-28 21:51:28.250
car_ID_217,FLUSH,243,car,1143,670,1148,674,0.4915,2026-07-28 21:51:28.013,2026-07-28 21:51:28.518
car_ID_206,FLUSH,231,car,722,297,1200,697,0.6594,2026-07-28 21:51:24.581,2026-07-28 21:51:28.584
truck_ID_104,FLUSH,244,truck,383,409,383,409,0.5740,2026-07-28 21:51:28.251,2026-07-28 21:51:28.716
car_ID_204,FLUSH,229,car,123,700,491,368,0.7199,2026-07-28 21:51:24.048,2026-07-28 21:51:28.782
car_ID_210,FLUSH,235,car,762,298,1258,656,0.6814,2026-07-28 21:51:25.317,2026-07-28 21:51:29.252
car_ID_197,FLUSH,222,car,389,660,593,298,0.5793,2026-07-28 21:51:20.814,2026-07-28 21:51:29.549
car_ID_211,FLUSH,236,car,738,286,1080,522,0.5051,2026-07-28 21:51:25.746,2026-07-28 21:51:29.646
truck_ID_107,FLUSH,249,truck,30,652,71,610,0.4293,2026-07-28 21:51:29.482,2026-07-28 21:51:29.784
bus_ID_43,FLUSH,234,bus,464,351,464,351,0.3244,2026-07-28 21:51:29.782,2026-07-28 21:51:29.782
car_ID_220,FLUSH,247,car,548,299,555,294,0.3658,2026-07-28 21:51:28.655,2026-07-28 21:51:29.817
truck_ID_108,FLUSH,250,truck,48,643,82,590,0.3714,2026-07-28 21:51:29.581,2026-07-28 21:51:29.850
truck_ID_106,FLUSH,245,truck,850,366,1236,657,0.4236,2026-07-28 21:51:28.484,2026-07-28 21:51:30.047
truck_ID_105,FLUSH,236,truck,832,355,1108,541,0.3718,2026-07-28 21:51:28.281,2026-07-28 21:51:30.184
truck_ID_109,FLUSH,256,truck,482,341,482,341,0.7664,2026-07-28 21:51:30.283,2026-07-28 21:51:30.283
car_ID_222,FLUSH,249,car,18,665,82,590,0.6023,2026-07-28 21:51:29.414,2026-07-28 21:51:30.315
car_ID_226,FLUSH,253,car,1233,656,1233,656,0.4741,2026-07-28 21:51:30.048,2026-07-28 21:51:30.514
car_ID_198,FLUSH,223,car,40,692,545,306,0.7092,2026-07-28 21:51:21.585,2026-07-28 21:51:30.553
car_ID_218,FLUSH,245,car,847,364,1247,666,0.6410,2026-07-28 21:51:28.450,2026-07-28 21:51:30.553
car_ID_224,FLUSH,251,car,597,293,599,288,0.3217,2026-07-28 21:51:29.850,2026-07-28 21:51:31.014
car_ID_213,FLUSH,239,car,679,286,967,705,0.6246,2026-07-28 21:51:26.318,2026-07-28 21:51:31.151
car_ID_215,FLUSH,241,car,722,302,1188,691,0.6711,2026-07-28 21:51:27.850,2026-07-28 21:51:31.349
bus_ID_44,FLUSH,256,bus,474,344,496,329,0.3659,2026-07-28 21:51:30.118,2026-07-28 21:51:31.349
bus_ID_46,FLUSH,248,bus,742,410,742,412,0.3066,2026-07-28 21:51:31.619,2026-07-28 21:51:31.646
car_ID_221,FLUSH,248,car,677,289,746,416,0.4134,2026-07-28 21:51:28.950,2026-07-28 21:51:31.681
car_ID_234,FLUSH,262,car,742,412,742,412,0.3101,2026-07-28 21:51:31.650,2026-07-28 21:51:32.118
truck_ID_110,FLUSH,248,truck,714,356,752,426,0.4471,2026-07-28 21:51:31.013,2026-07-28 21:51:32.214
truck_ID_114,FLUSH,264,truck,39,645,39,645,0.3137,2026-07-28 21:51:32.319,2026-07-28 21:51:32.319
truck_ID_112,FLUSH,258,truck,358,676,477,499,0.4679,2026-07-28 21:51:31.114,2026-07-28 21:51:32.390
truck_ID_113,FLUSH,261,truck,361,671,481,490,0.4061,2026-07-28 21:51:31.185,2026-07-28 21:51:32.481
bus_ID_45,FLUSH,260,bus,740,406,883,633,0.3034,2026-07-28 21:51:31.584,2026-07-28 21:51:32.481
truck_ID_111,FLUSH,260,truck,714,355,914,653,0.5830,2026-07-28 21:51:31.014,2026-07-28 21:51:32.652
car_ID_219,FLUSH,246,car,752,298,1254,661,0.6644,2026-07-28 21:51:28.615,2026-07-28 21:51:32.923
car_ID_230,FLUSH,258,car,340,706,481,490,0.5509,2026-07-28 21:51:30.915,2026-07-28 21:51:32.953
car_ID_229,FLUSH,257,car,723,305,903,477,0.4915,2026-07-28 21:51:30.652,2026-07-28 21:51:33.090
truck_ID_116,FLUSH,268,truck,902,476,902,476,0.4652,2026-07-28 21:51:33.091,2026-07-28 21:51:33.091
car_ID_232,FLUSH,260,car,715,357,955,695,0.3708,2026-07-28 21:51:31.047,2026-07-28 21:51:33.149
car_ID_223,FLUSH,250,car,32,651,412,368,0.6618,2026-07-28 21:51:29.549,2026-07-28 21:51:33.250
car_ID_228,FLUSH,255,car,725,306,1169,692,0.6581,2026-07-28 21:51:30.049,2026-07-28 21:51:33.450
car_ID_212,FLUSH,237,car,372,700,587,316,0.6659,2026-07-28 21:51:25.781,2026-07-28 21:51:33.717
truck_ID_115,FLUSH,257,truck,887,459,959,528,0.3498,2026-07-28 21:51:32.982,2026-07-28 21:51:33.754
car_ID_240,FLUSH,268,car,889,461,1172,689,0.6001,2026-07-28 21:51:33.017,2026-07-28 21:51:34.188
car_ID_227,FLUSH,254,car,758,298,1262,654,0.7230,2026-07-28 21:51:30.049,2026-07-28 21:51:34.215
car_ID_231,FLUSH,259,car,686,307,928,700,0.6484,2026-07-28 21:51:30.950,2026-07-28 21:51:34.348
truck_ID_118,FLUSH,276,truck,134,683,136,681,0.3076,2026-07-28 21:51:35.021,2026-07-28 21:51:35.048
car_ID_235,FLUSH,263,car,728,314,1124,693,0.6492,2026-07-28 21:51:32.046,2026-07-28 21:51:35.451
car_ID_250,FLUSH,274,car,785,310,789,312,0.3137,2026-07-28 21:51:35.389,2026-07-28 21:51:35.481
car_ID_249,FLUSH,278,car,137,681,137,681,0.3827,2026-07-28 21:51:35.049,2026-07-28 21:51:35.517
truck_ID_119,FLUSH,279,truck,1063,512,1063,512,0.3279,2026-07-28 21:51:35.188,2026-07-28 21:51:35.651
car_ID_251,FLUSH,280,car,14,627,53,592,0.6028,2026-07-28 21:51:35.617,2026-07-28 21:51:35.813
truck_ID_122,FLUSH,282,truck,52,592,52,592,0.3527,2026-07-28 21:51:35.814,2026-07-28 21:51:35.814
car_ID_252,FLUSH,282,car,35,603,54,591,0.4502,2026-07-28 21:51:35.750,2026-07-28 21:51:35.886
truck_ID_120,FLUSH,280,truck,32,603,64,584,0.4439,2026-07-28 21:51:35.713,2026-07-28 21:51:35.916
car_ID_239,FLUSH,267,car,789,324,1270,682,0.5856,2026-07-28 21:51:32.954,2026-07-28 21:51:36.129
car_ID_216,FLUSH,242,car,356,701,581,315,0.6472,2026-07-28 21:51:27.948,2026-07-28 21:51:36.216
car_ID_241,FLUSH,269,car,734,320,1148,696,0.6959,2026-07-28 21:51:33.054,2026-07-28 21:51:36.350
bus_ID_50,FLUSH,282,bus,64,585,64,585,0.5965,2026-07-28 21:51:35.917,2026-07-28 21:51:36.386
car_ID_253,FLUSH,283,car,679,290,681,292,0.3602,2026-07-28 21:51:35.814,2026-07-28 21:51:36.417
truck_ID_123,FLUSH,272,truck,805,509,901,660,0.3561,2026-07-28 21:51:36.128,2026-07-28 21:51:36.480
car_ID_255,FLUSH,285,car,43,688,72,658,0.3984,2026-07-28 21:51:36.583,2026-07-28 21:51:36.715
car_ID_243,FLUSH,271,car,800,332,1260,671,0.6949,2026-07-28 21:51:33.815,2026-07-28 21:51:36.784
car_ID_244,FLUSH,272,car,697,320,902,673,0.5776,2026-07-28 21:51:34.381,2026-07-28 21:51:36.982
truck_ID_99,FLUSH,234,truck,67,665,558,282,0.6692,2026-07-28 21:51:25.186,2026-07-28 21:51:37.053
bus_ID_47,FLUSH,281,bus,794,315,920,392,0.5238,2026-07-28 21:51:35.617,2026-07-28 21:51:37.186
bus_ID_48,FLUSH,274,bus,800,319,929,397,0.4895,2026-07-28 21:51:35.750,2026-07-28 21:51:37.249
car_ID_225,FLUSH,252,car,124,704,538,320,0.5987,2026-07-28 21:51:29.914,2026-07-28 21:51:37.382
car_ID_233,FLUSH,261,car,386,656,564,332,0.5698,2026-07-28 21:51:31.316,2026-07-28 21:51:37.414
truck_ID_121,FLUSH,281,truck,800,320,929,396,0.5414,2026-07-28 21:51:35.750,2026-07-28 21:51:37.717
car_ID_242,FLUSH,270,car,713,297,1147,693,0.6544,2026-07-28 21:51:33.652,2026-07-28 21:51:37.751
car_ID_248,FLUSH,277,car,694,314,922,693,0.5892,2026-07-28 21:51:35.049,2026-07-28 21:51:37.848
car_ID_236,FLUSH,264,car,15,665,473,324,0.6251,2026-07-28 21:51:32.185,2026-07-28 21:51:37.979
bus_ID_52,FLUSH,290,bus,1057,477,1198,594,0.6207,2026-07-28 21:51:37.848,2026-07-28 21:51:38.315
truck_ID_117,FLUSH,274,truck,765,298,1162,555,0.4657,2026-07-28 21:51:34.816,2026-07-28 21:51:38.614
car_ID_245,FLUSH,273,car,720,299,1183,696,0.6461,2026-07-28 21:51:34.782,2026-07-28 21:51:38.750
truck_ID_124,FLUSH,290,truck,1175,567,1230,615,0.4916,2026-07-28 21:51:38.183,2026-07-28 21:51:38.918
truck_ID_125,FLUSH,293,truck,789,492,789,492,0.3707,2026-07-28 21:51:38.650,2026-07-28 21:51:39.117
car_ID_258,FLUSH,288,car,570,323,580,313,0.3290,2026-07-28 21:51:37.582,2026-07-28 21:51:39.180
car_ID_254,FLUSH,284,car,768,305,1215,614,0.6354,2026-07-28 21:51:36.317,2026-07-28 21:51:39.550
truck_ID_126,FLUSH,284,truck,1226,628,1226,628,0.4314,2026-07-28 21:51:39.580,2026-07-28 21:51:39.580
car_ID_256,FLUSH,286,car,690,307,930,689,0.6090,2026-07-28 21:51:36.618,2026-07-28 21:51:39.614
truck_ID_127,FLUSH,285,truck,408,402,410,401,0.3577,2026-07-28 21:51:40.021,2026-07-28 21:51:40.083
car_ID_266,FLUSH,298,car,1238,636,1249,643,0.4324,2026-07-28 21:51:39.649,2026-07-28 21:51:40.150
bus_ID_53,FLUSH,284,bus,1237,637,1251,648,0.6477,2026-07-28 21:51:39.613,2026-07-28 21:51:40.149
bus_ID_49,FLUSH,280,bus,40,599,420,326,0.6787,2026-07-28 21:51:35.750,2026-07-28 21:51:40.248
truck_ID_128,FLUSH,299,truck,432,383,432,383,0.3301,2026-07-28 21:51:40.519,2026-07-28 21:51:40.519
car_ID_237,FLUSH,265,car,87,710,541,310,0.6373,2026-07-28 21:51:32.415,2026-07-28 21:51:40.651
car_ID_259,FLUSH,289,car,789,322,1258,662,0.6798,2026-07-28 21:51:37.751,2026-07-28 21:51:40.919
bus_ID_51,FLUSH,285,bus,78,652,433,383,0.8214,2026-07-28 21:51:36.748,2026-07-28 21:51:40.982
car_ID_238,FLUSH,266,car,358,705,582,316,0.6687,2026-07-28 21:51:32.612,2026-07-28 21:51:41.323
car_ID_261,FLUSH,292,car,730,309,1180,698,0.7050,2026-07-28 21:51:38.549,2026-07-28 21:51:41.817
car_ID_272,FLUSH,305,car,20,646,95,562,0.7352,2026-07-28 21:51:41.254,2026-07-28 21:51:41.879
car_ID_260,FLUSH,291,car,767,306,1246,652,0.6181,2026-07-28 21:51:38.316,2026-07-28 21:51:41.984
bus_ID_55,FLUSH,304,bus,98,558,105,545,0.6115,2026-07-28 21:51:41.916,2026-07-28 21:51:41.983
car_ID_271,FLUSH,304,car,14,658,110,537,0.4748,2026-07-28 21:51:41.216,2026-07-28 21:51:42.049
car_ID_246,FLUSH,275,car,355,704,574,326,0.6663,2026-07-28 21:51:34.853,2026-07-28 21:51:42.153
car_ID_247,FLUSH,276,car,122,692,531,325,0.6315,2026-07-28 21:51:34.985,2026-07-28 21:51:42.248
truck_ID_131,FLUSH,299,truck,480,339,480,339,0.3137,2026-07-28 21:51:42.314,2026-07-28 21:51:42.353
truck_ID_130,FLUSH,305,truck,73,598,108,537,0.4395,2026-07-28 21:51:41.652,2026-07-28 21:51:42.518
truck_ID_132,FLUSH,309,truck,481,337,481,337,0.3244,2026-07-28 21:51:42.451,2026-07-28 21:51:42.916
car_ID_263,FLUSH,295,car,688,298,958,680,0.6433,2026-07-28 21:51:39.181,2026-07-28 21:51:42.980
car_ID_257,FLUSH,287,car,357,704,560,350,0.7057,2026-07-28 21:51:37.149,2026-07-28 21:51:43.188
bus_ID_54,FLUSH,299,bus,408,402,487,331,0.5845,2026-07-28 21:51:40.055,2026-07-28 21:51:43.319
car_ID_278,FLUSH,311,car,565,338,565,338,0.3273,2026-07-28 21:51:43.421,2026-07-28 21:51:43.916
bus_ID_56,FLUSH,312,bus,492,321,493,320,0.3501,2026-07-28 21:51:43.455,2026-07-28 21:51:44.014
car_ID_270,FLUSH,303,car,681,300,900,699,0.6256,2026-07-28 21:51:40.619,2026-07-28 21:51:44.216
car_ID_265,FLUSH,297,car,740,288,1263,668,0.6464,2026-07-28 21:51:39.452,2026-07-28 21:51:44.252
car_ID_268,FLUSH,301,car,723,307,1152,692,0.6564,2026-07-28 21:51:40.519,2026-07-28 21:51:44.384
car_ID_276,FLUSH,304,car,297,422,378,373,0.4309,2026-07-28 21:51:43.347,2026-07-28 21:51:44.547
bus_ID_58,FLUSH,306,bus,799,510,799,510,0.3921,2026-07-28 21:51:44.920,2026-07-28 21:51:44.920
truck_ID_129,FLUSH,304,truck,19,648,380,372,0.4957,2026-07-28 21:51:41.253,2026-07-28 21:51:45.050
car_ID_283,FLUSH,316,car,361,384,412,356,0.4351,2026-07-28 21:51:44.215,2026-07-28 21:51:45.382
bus_ID_57,FLUSH,318,bus,501,306,502,303,0.3117,2026-07-28 21:51:44.715,2026-07-28 21:51:45.383
truck_ID_134,FLUSH,321,truck,45,648,45,648,0.3743,2026-07-28 21:51:45.485,2026-07-28 21:51:45.485
car_ID_285,FLUSH,320,car,576,319,578,318,0.3184,2026-07-28 21:51:45.151,2026-07-28 21:51:45.714
car_ID_262,FLUSH,294,car,380,693,573,339,0.6515,2026-07-28 21:51:38.918,2026-07-28 21:51:45.790
car_ID_269,FLUSH,302,car,710,287,1191,692,0.5430,2026-07-28 21:51:40.619,2026-07-28 21:51:45.848
car_ID_273,FLUSH,306,car,680,287,931,700,0.5484,2026-07-28 21:51:41.448,2026-07-28 21:51:45.912
car_ID_287,FLUSH,322,car,45,647,45,647,0.5953,2026-07-28 21:51:45.520,2026-07-28 21:51:45.992
truck_ID_133,FLUSH,316,truck,335,398,427,346,0.3637,2026-07-28 21:51:43.854,2026-07-28 21:51:46.214
car_ID_264,FLUSH,296,car,84,702,536,314,0.6649,2026-07-28 21:51:39.252,2026-07-28 21:51:47.120
truck_ID_135,FLUSH,317,truck,1120,542,1120,542,0.3602,2026-07-28 21:51:47.118,2026-07-28 21:51:47.118
car_ID_267,FLUSH,300,car,364,703,573,338,0.6670,2026-07-28 21:51:40.414,2026-07-28 21:51:47.215
car_ID_277,FLUSH,310,car,708,291,1156,693,0.6348,2026-07-28 21:51:43.383,2026-07-28 21:51:47.816
car_ID_282,FLUSH,317,car,756,299,1259,667,0.6748,2026-07-28 21:51:43.916,2026-07-28 21:51:47.958
truck_ID_136,FLUSH,329,truck,55,644,55,644,0.3151,2026-07-28 21:51:48.314,2026-07-28 21:51:48.314
car_ID_275,FLUSH,308,car,96,709,521,327,0.6573,2026-07-28 21:51:41.984,2026-07-28 21:51:48.550
truck_ID_137,FLUSH,319,truck,829,525,829,525,0.3752,2026-07-28 21:51:48.581,2026-07-28 21:51:48.581
car_ID_281,FLUSH,315,car,7,672,431,353,0.7335,2026-07-28 21:51:43.854,2026-07-28 21:51:48.852
bus_ID_59,FLUSH,319,bus,897,626,955,676,0.6543,2026-07-28 21:51:48.817,2026-07-28 21:51:48.979
car_ID_296,FLUSH,331,car,740,290,742,291,0.3078,2026-07-28 21:51:48.582,2026-07-28 21:51:49.114
car_ID_274,FLUSH,307,car,355,706,576,332,0.6465,2026-07-28 21:51:41.917,2026-07-28 21:51:49.252
truck_ID_138,FLUSH,324,truck,1227,642,1232,649,0.3864,2026-07-28 21:51:49.213,2026-07-28 21:51:49.249
car_ID_284,FLUSH,319,car,675,281,968,693,0.5792,2026-07-28 21:51:44.782,2026-07-28 21:51:49.517
car_ID_289,FLUSH,324,car,755,299,1243,649,0.6305,2026-07-28 21:51:45.653,2026-07-28 21:51:49.753
car_ID_300,FLUSH,335,car,582,322,582,322,0.3279,2026-07-28 21:51:49.754,2026-07-28 21:51:50.216
car_ID_292,FLUSH,327,car,766,307,1225,646,0.6728,2026-07-28 21:51:47.149,2026-07-28 21:51:50.282
bus_ID_60,FLUSH,327,bus,1237,655,1237,655,0.4777,2026-07-28 21:51:50.314,2026-07-28 21:51:50.314
car_ID_280,FLUSH,314,car,111,699,525,326,0.6253,2026-07-28 21:51:43.822,2026-07-28 21:51:50.418
truck_ID_139,FLUSH,327,truck,1251,664,1251,664,0.6202,2026-07-28 21:51:50.349,2026-07-28 21:51:50.821
car_ID_286,FLUSH,321,car,8,679,448,345,0.6261,2026-07-28 21:51:45.249,2026-07-28 21:51:50.984
car_ID_302,FLUSH,337,car,476,326,482,321,0.3264,2026-07-28 21:51:50.217,2026-07-28 21:51:51.014
car_ID_304,FLUSH,339,car,11,663,56,626,0.6415,2026-07-28 21:51:50.917,2026-07-28 21:51:51.181
truck_ID_140,FLUSH,340,truck,17,655,56,627,0.3130,2026-07-28 21:51:50.950,2026-07-28 21:51:51.181
car_ID_293,FLUSH,328,car,693,298,950,685,0.5672,2026-07-28 21:51:47.913,2026-07-28 21:51:51.384
truck_ID_141,FLUSH,339,truck,45,636,61,617,0.4610,2026-07-28 21:51:51.117,2026-07-28 21:51:51.721
car_ID_279,FLUSH,313,car,390,698,585,322,0.6179,2026-07-28 21:51:43.584,2026-07-28 21:51:52.585
bus_ID_61,FLUSH,334,bus,1203,616,1203,616,0.3902,2026-07-28 21:51:52.583,2026-07-28 21:51:52.583
car_ID_299,FLUSH,334,car,756,305,1222,643,0.6087,2026-07-28 21:51:49.351,2026-07-28 21:51:52.684
truck_ID_143,FLUSH,345,truck,1085,529,1233,654,0.4979,2026-07-28 21:51:52.347,2026-07-28 21:51:52.683
car_ID_311,FLUSH,346,car,723,302,723,302,0.3244,2026-07-28 21:51:52.254,2026-07-28 21:51:52.716
car_ID_309,FLUSH,344,car,501,308,507,304,0.3465,2026-07-28 21:51:51.917,2026-07-28 21:51:52.855
car_ID_291,FLUSH,326,car,9,662,455,335,0.6861,2026-07-28 21:51:46.816,2026-07-28 21:51:53.014
car_ID_298,FLUSH,333,car,707,285,973,535,0.6209,2026-07-28 21:51:49.214,2026-07-28 21:51:53.117
truck_ID_142,FLUSH,334,truck,1042,500,1244,663,0.4278,2026-07-28 21:51:52.217,2026-07-28 21:51:53.187
car_ID_310,FLUSH,345,car,1045,503,1259,674,0.6266,2026-07-28 21:51:52.254,2026-07-28 21:51:53.218
car_ID_290,FLUSH,325,car,113,703,528,322,0.6890,2026-07-28 21:51:46.414,2026-07-28 21:51:53.449
truck_ID_144,FLUSH,333,truck,948,511,986,548,0.3639,2026-07-28 21:51:53.012,2026-07-28 21:51:53.615
car_ID_295,FLUSH,330,car,109,690,495,353,0.6947,2026-07-28 21:51:48.415,2026-07-28 21:51:53.648
car_ID_303,FLUSH,338,car,685,298,930,695,0.7206,2026-07-28 21:51:50.386,2026-07-28 21:51:53.919
car_ID_316,FLUSH,351,car,951,514,1177,693,0.7219,2026-07-28 21:51:53.053,2026-07-28 21:51:54.015
car_ID_288,FLUSH,323,car,375,700,576,330,0.5964,2026-07-28 21:51:45.615,2026-07-28 21:51:54.350
car_ID_305,FLUSH,341,car,681,293,906,692,0.5212,2026-07-28 21:51:51.050,2026-07-28 21:51:54.951
car_ID_307,FLUSH,342,car,718,298,1164,697,0.6391,2026-07-28 21:51:51.353,2026-07-28 21:51:55.184
car_ID_294,FLUSH,329,car,17,679,480,324,0.5906,2026-07-28 21:51:48.050,2026-07-28 21:51:55.548
car_ID_317,FLUSH,352,car,698,330,920,701,0.5847,2026-07-28 21:51:53.053,2026-07-28 21:51:55.614
car_ID_315,FLUSH,350,car,743,322,1165,694,0.6859,2026-07-28 21:51:53.014,2026-07-28 21:51:55.983
car_ID_326,FLUSH,361,car,583,317,583,316,0.3468,2026-07-28 21:51:55.614,2026-07-28 21:51:56.181
car_ID_312,FLUSH,347,car,757,299,1262,665,0.6244,2026-07-28 21:51:52.418,2026-07-28 21:51:56.316
car_ID_318,FLUSH,353,car,748,320,1164,696,0.6476,2026-07-28 21:51:53.853,2026-07-28 21:51:56.784
car_ID_322,FLUSH,357,car,807,350,1259,675,0.6455,2026-07-28 21:51:54.782,2026-07-28 21:51:56.986
bus_ID_62,FLUSH,355,bus,821,518,825,523,0.5775,2026-07-28 21:51:57.416,2026-07-28 21:51:57.446
car_ID_321,FLUSH,356,car,774,313,1251,669,0.7238,2026-07-28 21:51:54.615,2026-07-28 21:51:57.949
car_ID_306,FLUSH,340,car,45,637,464,339,0.6466,2026-07-28 21:51:51.117,2026-07-28 21:51:58.016
car_ID_320,FLUSH,355,car,678,288,956,691,0.6003,2026-07-28 21:51:54.453,2026-07-28 21:51:58.324
truck_ID_146,FLUSH,360,truck,971,531,971,531,0.3301,2026-07-28 21:51:58.323,2026-07-28 21:51:58.323
car_ID_301,FLUSH,336,car,110,702,539,316,0.6609,2026-07-28 21:51:49.914,2026-07-28 21:51:58.415
bus_ID_63,FLUSH,358,bus,829,522,829,522,0.3030,2026-07-28 21:51:58.680,2026-07-28 21:51:58.680
truck_ID_145,FLUSH,367,truck,764,424,764,424,0.3101,2026-07-28 21:51:58.252,2026-07-28 21:51:58.716
bus_ID_64,FLUSH,371,bus,874,590,938,658,0.5921,2026-07-28 21:51:58.814,2026-07-28 21:51:58.984
truck_ID_147,FLUSH,371,truck,821,514,957,674,0.4211,2026-07-28 21:51:58.648,2026-07-28 21:51:59.050
car_ID_325,FLUSH,360,car,720,297,1184,696,0.6255,2026-07-28 21:51:55.548,2026-07-28 21:51:59.183
car_ID_308,FLUSH,343,car,114,703,526,329,0.6793,2026-07-28 21:51:51.722,2026-07-28 21:51:59.348
car_ID_324,FLUSH,359,car,756,296,1240,627,0.6062,2026-07-28 21:51:55.513,2026-07-28 21:51:59.554
car_ID_335,FLUSH,371,car,830,523,969,686,0.6213,2026-07-28 21:51:58.683,2026-07-28 21:51:59.554
truck_ID_148,FLUSH,358,truck,838,537,883,609,0.4671,2026-07-28 21:51:58.713,2026-07-28 21:51:59.614
truck_ID_151,FLUSH,364,truck,874,593,891,623,0.4258,2026-07-28 21:51:59.586,2026-07-28 21:51:59.647
car_ID_323,FLUSH,358,car,676,283,886,616,0.5515,2026-07-28 21:51:55.382,2026-07-28 21:52:00.117
car_ID_329,FLUSH,364,car,688,305,960,693,0.5840,2026-07-28 21:51:57.148,2026-07-28 21:52:00.318
car_ID_330,FLUSH,365,car,780,316,1266,671,0.6765,2026-07-28 21:51:57.148,2026-07-28 21:52:00.383
car_ID_328,FLUSH,363,car,715,290,1180,694,0.6355,2026-07-28 21:51:56.517,2026-07-28 21:52:00.718
truck_ID_150,FLUSH,372,truck,413,615,490,480,0.4314,2026-07-28 21:51:59.182,2026-07-28 21:52:00.718
truck_ID_149,FLUSH,368,truck,404,633,497,465,0.3897,2026-07-28 21:51:59.090,2026-07-28 21:52:00.988
car_ID_313,FLUSH,348,car,6,675,484,321,0.6143,2026-07-28 21:51:52.752,2026-07-28 21:52:01.153
truck_ID_152,FLUSH,377,truck,389,669,414,636,0.3464,2026-07-28 21:52:00.851,2026-07-28 21:52:01.187
car_ID_297,FLUSH,332,car,314,702,586,302,0.6122,2026-07-28 21:51:48.951,2026-07-28 21:52:01.317
car_ID_336,FLUSH,372,car,404,630,497,465,0.5620,2026-07-28 21:51:59.151,2026-07-28 21:52:01.447
car_ID_343,FLUSH,379,car,14,610,28,593,0.5002,2026-07-28 21:52:01.414,2026-07-28 21:52:01.519
car_ID_331,FLUSH,366,car,674,282,950,696,0.6251,2026-07-28 21:51:57.417,2026-07-28 21:52:01.546
car_ID_344,FLUSH,380,car,24,595,24,595,0.5290,2026-07-28 21:52:01.519,2026-07-28 21:52:01.981
truck_ID_155,FLUSH,382,truck,322,667,324,664,0.3677,2026-07-28 21:52:02.122,2026-07-28 21:52:02.150
car_ID_341,FLUSH,377,car,390,667,470,530,0.6698,2026-07-28 21:52:00.880,2026-07-28 21:52:02.181
truck_ID_153,FLUSH,375,truck,401,657,447,570,0.4037,2026-07-28 21:52:00.988,2026-07-28 21:52:02.183
car_ID_319,FLUSH,354,car,135,698,526,327,0.6558,2026-07-28 21:51:54.350,2026-07-28 21:52:02.448
car_ID_337,FLUSH,373,car,716,297,1166,695,0.5782,2026-07-28 21:51:59.215,2026-07-28 21:52:02.582
car_ID_347,FLUSH,383,car,322,666,322,666,0.6003,2026-07-28 21:52:02.151,2026-07-28 21:52:02.616
truck_ID_156,FLUSH,377,truck,471,526,472,523,0.4229,2026-07-28 21:52:02.214,2026-07-28 21:52:02.756
truck_ID_157,FLUSH,378,truck,1109,545,1109,545,0.4202,2026-07-28 21:52:03.178,2026-07-28 21:52:03.178
car_ID_350,FLUSH,386,car,743,287,743,287,0.3707,2026-07-28 21:52:02.951,2026-07-28 21:52:03.414
car_ID_349,FLUSH,385,car,532,321,533,319,0.3101,2026-07-28 21:52:02.784,2026-07-28 21:52:03.515
car_ID_342,FLUSH,378,car,780,318,1251,666,0.6474,2026-07-28 21:52:01.153,2026-07-28 21:52:03.958
car_ID_340,FLUSH,376,car,685,299,903,671,0.5899,2026-07-28 21:52:00.786,2026-07-28 21:52:03.981
truck_ID_158,FLUSH,384,truck,722,362,722,362,0.3030,2026-07-28 21:52:04.685,2026-07-28 21:52:04.685
car_ID_345,FLUSH,381,car,757,297,1237,648,0.6775,2026-07-28 21:52:01.586,2026-07-28 21:52:05.117
car_ID_314,FLUSH,349,car,358,699,582,309,0.6443,2026-07-28 21:51:52.816,2026-07-28 21:52:05.349
car_ID_327,FLUSH,362,car,122,701,527,328,0.6832,2026-07-28 21:51:56.415,2026-07-28 21:52:05.416
car_ID_334,FLUSH,370,car,7,676,448,343,0.6908,2026-07-28 21:51:58.648,2026-07-28 21:52:05.582
car_ID_332,FLUSH,368,car,339,704,554,362,0.6256,2026-07-28 21:51:58.324,2026-07-28 21:52:05.618
car_ID_348,FLUSH,384,car,676,288,920,684,0.5179,2026-07-28 21:52:02.757,2026-07-28 21:52:06.416
truck_ID_160,FLUSH,387,truck,905,472,1140,663,0.5138,2026-07-28 21:52:06.145,2026-07-28 21:52:06.678
car_ID_360,FLUSH,397,car,956,520,956,520,0.3850,2026-07-28 21:52:06.357,2026-07-28 21:52:06.816
car_ID_351,FLUSH,387,car,708,283,1197,692,0.6073,2026-07-28 21:52:02.951,2026-07-28 21:52:07.217
car_ID_352,FLUSH,388,car,758,297,1261,667,0.6812,2026-07-28 21:52:03.551,2026-07-28 21:52:07.328
car_ID_333,FLUSH,369,car,105,699,516,336,0.6775,2026-07-28 21:51:58.648,2026-07-28 21:52:07.368
car_ID_355,FLUSH,391,car,684,297,928,683,0.5465,2026-07-28 21:52:04.350,2026-07-28 21:52:07.533
truck_ID_159,FLUSH,393,truck,307,393,413,337,0.5530,2026-07-28 21:52:05.322,2026-07-28 21:52:07.886
bus_ID_66,FLUSH,379,bus,307,392,414,337,0.4275,2026-07-28 21:52:05.321,2026-07-28 21:52:07.886
bus_ID_65,FLUSH,393,bus,270,411,415,336,0.4252,2026-07-28 21:52:04.849,2026-07-28 21:52:08.422
car_ID_357,FLUSH,394,car,785,319,1236,646,0.6699,2026-07-28 21:52:06.049,2026-07-28 21:52:08.782
car_ID_362,FLUSH,399,car,746,326,1134,687,0.6591,2026-07-28 21:52:06.451,2026-07-28 21:52:08.815
car_ID_363,FLUSH,400,car,569,340,575,331,0.3309,2026-07-28 21:52:07.150,2026-07-28 21:52:09.015
car_ID_361,FLUSH,398,car,685,299,946,692,0.6145,2026-07-28 21:52:06.451,2026-07-28 21:52:09.785
truck_ID_162,FLUSH,404,truck,951,500,951,500,0.3850,2026-07-28 21:52:11.148,2026-07-28 21:52:11.148
car_ID_365,FLUSH,402,car,677,288,940,692,0.5556,2026-07-28 21:52:07.850,2026-07-28 21:52:11.385
car_ID_367,FLUSH,404,car,712,289,1174,679,0.6379,2026-07-28 21:52:08.390,2026-07-28 21:52:12.020
bus_ID_68,FLUSH,410,bus,791,306,835,332,0.4858,2026-07-28 21:52:11.581,2026-07-28 21:52:12.350
bus_ID_67,FLUSH,407,bus,773,295,838,334,0.5048,2026-07-28 21:52:11.082,2026-07-28 21:52:12.382
car_ID_372,FLUSH,411,car,83,706,199,630,0.6529,2026-07-28 21:52:11.617,2026-07-28 21:52:12.486
car_ID_368,FLUSH,405,car,676,288,938,696,0.5674,2026-07-28 21:52:09.119,2026-07-28 21:52:12.716
car_ID_353,FLUSH,389,car,143,703,481,352,0.7243,2026-07-28 21:52:03.922,2026-07-28 21:52:12.749
car_ID_346,FLUSH,382,car,282,705,550,344,0.6355,2026-07-28 21:52:01.648,2026-07-28 21:52:12.783
truck_ID_163,FLUSH,410,truck,798,311,838,334,0.4645,2026-07-28 21:52:11.756,2026-07-28 21:52:12.860
car_ID_356,FLUSH,392,car,9,689,453,341,0.6516,2026-07-28 21:52:04.449,2026-07-28 21:52:12.984
truck_ID_164,FLUSH,411,truck,145,657,204,624,0.3392,2026-07-28 21:52:12.154,2026-07-28 21:52:12.984
car_ID_339,FLUSH,375,car,355,709,579,324,0.5491,2026-07-28 21:52:00.418,2026-07-28 21:52:13.180
car_ID_358,FLUSH,395,car,91,698,468,365,0.6720,2026-07-28 21:52:06.114,2026-07-28 21:52:13.383
car_ID_354,FLUSH,390,car,376,708,553,359,0.6267,2026-07-28 21:52:04.050,2026-07-28 21:52:13.949
truck_ID_161,FLUSH,407,truck,742,276,1207,573,0.7192,2026-07-28 21:52:09.785,2026-07-28 21:52:15.015
truck_ID_165,FLUSH,413,truck,321,507,388,449,0.4991,2026-07-28 21:52:13.749,2026-07-28 21:52:15.083
truck_ID_166,FLUSH,416,truck,354,479,391,445,0.5101,2026-07-28 21:52:14.283,2026-07-28 21:52:15.116
car_ID_379,FLUSH,418,car,475,331,477,331,0.3109,2026-07-28 21:52:14.649,2026-07-28 21:52:15.350
car_ID_374,FLUSH,413,car,149,657,390,446,0.6297,2026-07-28 21:52:12.216,2026-07-28 21:52:15.589
truck_ID_154,FLUSH,379,truck,22,598,504,289,0.6027,2026-07-28 21:52:01.485,2026-07-28 21:52:15.588
car_ID_338,FLUSH,374,car,90,703,525,329,0.5911,2026-07-28 21:52:00.017,2026-07-28 21:52:15.850
car_ID_373,FLUSH,412,car,693,281,1155,692,0.5724,2026-07-28 21:52:11.651,2026-07-28 21:52:15.850
car_ID_382,FLUSH,422,car,83,584,83,584,0.6565,2026-07-28 21:52:16.250,2026-07-28 21:52:16.724
truck_ID_169,FLUSH,423,truck,423,416,425,415,0.3592,2026-07-28 21:52:16.317,2026-07-28 21:52:16.850
car_ID_375,FLUSH,414,car,738,285,1263,673,0.6627,2026-07-28 21:52:12.216,2026-07-28 21:52:16.984
car_ID_383,FLUSH,426,car,162,521,162,521,0.6903,2026-07-28 21:52:17.048,2026-07-28 21:52:17.515
truck_ID_167,FLUSH,419,truck,18,662,217,484,0.3371,2026-07-28 21:52:15.287,2026-07-28 21:52:17.680
car_ID_376,FLUSH,415,car,707,283,1162,683,0.5623,2026-07-28 21:52:13.649,2026-07-28 21:52:17.749
car_ID_386,FLUSH,430,car,217,484,217,484,0.6345,2026-07-28 21:52:17.715,2026-07-28 21:52:18.184
bus_ID_71,FLUSH,421,bus,780,297,835,328,0.5039,2026-07-28 21:52:17.216,2026-07-28 21:52:18.314
car_ID_384,FLUSH,428,car,526,328,525,328,0.3485,2026-07-28 21:52:17.185,2026-07-28 21:52:18.551
truck_ID_171,FLUSH,424,truck,779,297,854,339,0.5570,2026-07-28 21:52:17.184,2026-07-28 21:52:18.550
car_ID_388,FLUSH,432,car,446,395,448,394,0.6103,2026-07-28 21:52:18.414,2026-07-28 21:52:18.718
car_ID_364,FLUSH,401,car,119,702,504,347,0.6227,2026-07-28 21:52:07.469,2026-07-28 21:52:18.919
bus_ID_69,FLUSH,424,bus,771,292,863,345,0.4730,2026-07-28 21:52:16.984,2026-07-28 21:52:19.113
truck_ID_174,FLUSH,416,truck,446,395,451,391,0.3911,2026-07-28 21:52:18.413,2026-07-28 21:52:19.150
car_ID_381,FLUSH,420,car,685,286,1106,695,0.6721,2026-07-28 21:52:15.746,2026-07-28 21:52:19.583
car_ID_390,FLUSH,434,car,526,326,526,327,0.3694,2026-07-28 21:52:19.113,2026-07-28 21:52:19.781
truck_ID_172,FLUSH,427,truck,719,279,798,342,0.4935,2026-07-28 21:52:17.481,2026-07-28 21:52:19.781
truck_ID_173,FLUSH,432,truck,445,396,456,386,0.4246,2026-07-28 21:52:18.382,2026-07-28 21:52:19.952
car_ID_371,FLUSH,409,car,12,659,438,349,0.6865,2026-07-28 21:52:11.518,2026-07-28 21:52:19.985
car_ID_359,FLUSH,396,car,384,704,580,332,0.6198,2026-07-28 21:52:06.180,2026-07-28 21:52:20.216
bus_ID_70,FLUSH,427,bus,714,275,800,345,0.4834,2026-07-28 21:52:17.115,2026-07-28 21:52:20.318
car_ID_377,FLUSH,416,car,324,507,456,385,0.6253,2026-07-28 21:52:13.816,2026-07-28 21:52:20.517
truck_ID_175,FLUSH,437,truck,1156,544,1156,544,0.5027,2026-07-28 21:52:20.248,2026-07-28 21:52:20.720
car_ID_366,FLUSH,403,car,384,706,564,352,0.7395,2026-07-28 21:52:08.249,2026-07-28 21:52:20.783
bus_ID_72,FLUSH,425,bus,718,279,927,444,0.4811,2026-07-28 21:52:17.481,2026-07-28 21:52:20.782
truck_ID_176,FLUSH,431,truck,840,553,840,553,0.5552,2026-07-28 21:52:20.913,2026-07-28 21:52:20.913
truck_ID_168,FLUSH,421,truck,748,278,1227,580,0.6511,2026-07-28 21:52:16.049,2026-07-28 21:52:21.015
car_ID_396,FLUSH,440,car,799,328,799,328,0.3173,2026-07-28 21:52:20.848,2026-07-28 21:52:21.051
car_ID_397,FLUSH,441,car,840,558,840,558,0.3114,2026-07-28 21:52:20.951,2026-07-28 21:52:21.417
car_ID_391,FLUSH,435,car,506,348,507,346,0.3357,2026-07-28 21:52:19.150,2026-07-28 21:52:21.514
car_ID_369,FLUSH,406,car,105,701,490,367,0.6793,2026-07-28 21:52:09.724,2026-07-28 21:52:21.583
car_ID_398,FLUSH,442,car,568,347,568,347,0.3636,2026-07-28 21:52:21.182,2026-07-28 21:52:21.649
car_ID_387,FLUSH,431,car,680,287,952,685,0.5190,2026-07-28 21:52:17.749,2026-07-28 21:52:21.724
bus_ID_74,FLUSH,445,bus,841,336,886,363,0.4602,2026-07-28 21:52:21.449,2026-07-28 21:52:21.917
truck_ID_179,FLUSH,446,truck,1057,506,1057,506,0.3386,2026-07-28 21:52:21.983,2026-07-28 21:52:21.983
bus_ID_73,FLUSH,440,bus,818,326,895,369,0.5311,2026-07-28 21:52:21.214,2026-07-28 21:52:21.984
truck_ID_170,FLUSH,425,truck,712,273,1206,618,0.5867,2026-07-28 21:52:16.984,2026-07-28 21:52:22.248
truck_ID_178,FLUSH,445,truck,844,338,895,369,0.5441,2026-07-28 21:52:21.480,2026-07-28 21:52:22.449
truck_ID_180,FLUSH,436,truck,864,630,864,630,0.3076,2026-07-28 21:52:22.513,2026-07-28 21:52:22.513
car_ID_401,FLUSH,446,car,919,422,1173,589,0.7768,2026-07-28 21:52:21.549,2026-07-28 21:52:22.717
car_ID_370,FLUSH,408,car,364,706,562,364,0.7495,2026-07-28 21:52:11.415,2026-07-28 21:52:22.814
car_ID_403,FLUSH,425,car,1197,604,1255,672,0.6749,2026-07-28 21:52:22.282,2026-07-28 21:52:22.958
car_ID_405,FLUSH,449,car,489,367,489,367,0.3066,2026-07-28 21:52:22.449,2026-07-28 21:52:22.989
car_ID_392,FLUSH,436,car,679,292,907,683,0.5527,2026-07-28 21:52:19.651,2026-07-28 21:52:23.120
car_ID_404,FLUSH,448,car,683,291,689,304,0.3283,2026-07-28 21:52:22.449,2026-07-28 21:52:23.314
truck_ID_177,FLUSH,440,truck,815,324,1133,567,0.6769,2026-07-28 21:52:21.087,2026-07-28 21:52:23.448
car_ID_407,FLUSH,451,car,1240,587,1252,596,0.3600,2026-07-28 21:52:23.449,2026-07-28 21:52:23.478
car_ID_380,FLUSH,419,car,8,677,423,356,0.6447,2026-07-28 21:52:15.181,2026-07-28 21:52:23.915
car_ID_409,FLUSH,440,car,1195,544,1214,555,0.3166,2026-07-28 21:52:23.478,2026-07-28 21:52:23.983
truck_ID_181,FLUSH,451,truck,1208,598,1217,647,0.3752,2026-07-28 21:52:23.518,2026-07-28 21:52:24.148
car_ID_412,FLUSH,455,car,571,350,571,350,0.3208,2026-07-28 21:52:23.983,2026-07-28 21:52:24.454
car_ID_402,FLUSH,447,car,696,323,895,680,0.6579,2026-07-28 21:52:22.151,2026-07-28 21:52:24.514
truck_ID_182,FLUSH,453,truck,812,509,823,530,0.4022,2026-07-28 21:52:24.982,2026-07-28 21:52:25.049
car_ID_415,FLUSH,458,car,814,515,824,528,0.4383,2026-07-28 21:52:25.019,2026-07-28 21:52:25.521
car_ID_399,FLUSH,443,car,722,296,1208,697,0.5826,2026-07-28 21:52:21.314,2026-07-28 21:52:25.555
car_ID_410,FLUSH,453,car,704,331,942,684,0.6527,2026-07-28 21:52:23.588,2026-07-28 21:52:25.851
car_ID_408,FLUSH,452,car,787,322,1264,682,0.6374,2026-07-28 21:52:23.449,2026-07-28 21:52:26.614
car_ID_411,FLUSH,454,car,700,318,950,704,0.5976,2026-07-28 21:52:23.850,2026-07-28 21:52:26.615
car_ID_406,FLUSH,450,car,723,298,1140,673,0.5413,2026-07-28 21:52:22.918,2026-07-28 21:52:26.852
car_ID_378,FLUSH,417,car,367,705,562,351,0.7144,2026-07-28 21:52:14.316,2026-07-28 21:52:27.015
car_ID_416,FLUSH,459,car,676,286,733,390,0.4131,2026-07-28 21:52:25.020,2026-07-28 21:52:27.514
truck_ID_186,FLUSH,459,truck,719,365,737,400,0.3403,2026-07-28 21:52:27.214,2026-07-28 21:52:28.052
truck_ID_185,FLUSH,465,truck,451,585,491,501,0.3610,2026-07-28 21:52:26.816,2026-07-28 21:52:28.250
car_ID_424,FLUSH,468,car,719,365,835,564,0.5300,2026-07-28 21:52:27.249,2026-07-28 21:52:28.318
truck_ID_188,FLUSH,456,truck,482,521,495,494,0.3212,2026-07-28 21:52:27.781,2026-07-28 21:52:28.385
truck_ID_192,FLUSH,460,truck,1100,549,1100,549,0.3377,2026-07-28 21:52:28.384,2026-07-28 21:52:28.384
bus_ID_75,FLUSH,468,bus,846,581,846,581,0.4465,2026-07-28 21:52:28.350,2026-07-28 21:52:28.452
truck_ID_190,FLUSH,473,truck,778,466,932,670,0.4902,2026-07-28 21:52:28.015,2026-07-28 21:52:28.581
car_ID_426,FLUSH,465,car,472,541,495,495,0.6920,2026-07-28 21:52:27.417,2026-07-28 21:52:28.850
truck_ID_187,FLUSH,468,truck,722,373,887,631,0.4687,2026-07-28 21:52:27.318,2026-07-28 21:52:28.949
car_ID_425,FLUSH,469,car,745,326,894,472,0.5757,2026-07-28 21:52:27.249,2026-07-28 21:52:28.980
truck_ID_184,FLUSH,464,truck,59,612,280,446,0.4190,2026-07-28 21:52:26.281,2026-07-28 21:52:28.981
truck_ID_194,FLUSH,475,truck,894,473,894,473,0.3315,2026-07-28 21:52:28.981,2026-07-28 21:52:28.981
car_ID_418,FLUSH,461,car,721,304,1155,696,0.6553,2026-07-28 21:52:25.451,2026-07-28 21:52:29.015
car_ID_430,FLUSH,473,car,783,474,946,688,0.3564,2026-07-28 21:52:28.052,2026-07-28 21:52:29.120
car_ID_417,FLUSH,460,car,757,305,1256,682,0.6265,2026-07-28 21:52:25.451,2026-07-28 21:52:29.215
truck_ID_193,FLUSH,469,truck,881,458,912,490,0.4316,2026-07-28 21:52:28.914,2026-07-28 21:52:29.550
car_ID_433,FLUSH,476,car,750,409,804,500,0.3943,2026-07-28 21:52:29.149,2026-07-28 21:52:29.584
truck_ID_197,FLUSH,466,truck,907,390,953,419,0.3558,2026-07-28 21:52:29.350,2026-07-28 21:52:29.616
truck_ID_196,FLUSH,476,truck,766,439,839,553,0.4546,2026-07-28 21:52:29.315,2026-07-28 21:52:29.749
bus_ID_76,FLUSH,463,bus,721,363,921,648,0.4853,2026-07-28 21:52:28.686,2026-07-28 21:52:29.987
car_ID_385,FLUSH,429,car,368,706,560,363,0.7210,2026-07-28 21:52:17.553,2026-07-28 21:52:30.015
truck_ID_195,FLUSH,463,truck,748,408,951,674,0.4671,2026-07-28 21:52:29.116,2026-07-28 21:52:30.083
car_ID_422,FLUSH,466,car,764,298,956,422,0.3965,2026-07-28 21:52:27.117,2026-07-28 21:52:30.121
car_ID_434,FLUSH,477,car,10,663,68,610,0.7232,2026-07-28 21:52:29.315,2026-07-28 21:52:30.118
car_ID_432,FLUSH,475,car,885,460,1170,693,0.7183,2026-07-28 21:52:28.949,2026-07-28 21:52:30.154
truck_ID_202,FLUSH,464,truck,333,412,333,412,0.4171,2026-07-28 21:52:30.152,2026-07-28 21:52:30.152
car_ID_395,FLUSH,439,car,8,673,433,348,0.6713,2026-07-28 21:52:20.720,2026-07-28 21:52:30.187
bus_ID_77,FLUSH,476,bus,754,417,849,570,0.3838,2026-07-28 21:52:29.184,2026-07-28 21:52:30.251
car_ID_435,FLUSH,478,car,908,390,1210,602,0.5049,2026-07-28 21:52:29.385,2026-07-28 21:52:30.414
truck_ID_203,FLUSH,482,truck,1154,546,1210,604,0.5543,2026-07-28 21:52:30.286,2026-07-28 21:52:30.414
car_ID_420,FLUSH,463,car,675,283,962,689,0.4062,2026-07-28 21:52:26.217,2026-07-28 21:52:30.583
car_ID_421,FLUSH,464,car,57,615,337,410,0.4985,2026-07-28 21:52:26.250,2026-07-28 21:52:30.751
bus_ID_79,FLUSH,480,bus,83,585,99,559,0.6628,2026-07-28 21:52:30.414,2026-07-28 21:52:30.748
car_ID_437,FLUSH,482,car,1137,536,1213,610,0.4025,2026-07-28 21:52:30.251,2026-07-28 21:52:30.917
truck_ID_198,FLUSH,478,truck,920,398,1258,640,0.5935,2026-07-28 21:52:29.454,2026-07-28 21:52:31.052
bus_ID_78,FLUSH,477,bus,71,604,117,537,0.4111,2026-07-28 21:52:30.185,2026-07-28 21:52:31.051
car_ID_431,FLUSH,474,car,694,336,892,684,0.6406,2026-07-28 21:52:28.818,2026-07-28 21:52:31.150
car_ID_427,FLUSH,470,car,730,307,1171,686,0.5764,2026-07-28 21:52:27.588,2026-07-28 21:52:31.186
car_ID_428,FLUSH,471,car,493,366,509,349,0.3703,2026-07-28 21:52:27.814,2026-07-28 21:52:31.419
car_ID_441,FLUSH,488,car,375,386,375,386,0.3814,2026-07-28 21:52:31.451,2026-07-28 21:52:31.451
truck_ID_199,FLUSH,480,truck,32,633,117,537,0.5852,2026-07-28 21:52:29.585,2026-07-28 21:52:31.521
car_ID_439,FLUSH,485,car,445,341,451,337,0.3228,2026-07-28 21:52:30.649,2026-07-28 21:52:31.718
car_ID_419,FLUSH,462,car,13,663,384,379,0.5138,2026-07-28 21:52:25.649,2026-07-28 21:52:31.748
car_ID_429,FLUSH,472,car,377,670,509,454,0.5787,2026-07-28 21:52:27.949,2026-07-28 21:52:31.981
truck_ID_189,FLUSH,467,truck,377,669,509,455,0.3927,2026-07-28 21:52:27.880,2026-07-28 21:52:31.981
truck_ID_205,FLUSH,488,truck,376,386,376,385,0.5349,2026-07-28 21:52:31.484,2026-07-28 21:52:31.981
truck_ID_204,FLUSH,484,truck,729,297,831,382,0.4720,2026-07-28 21:52:30.517,2026-07-28 21:52:32.181
truck_ID_200,FLUSH,481,truck,712,281,863,406,0.4013,2026-07-28 21:52:29.653,2026-07-28 21:52:32.381
car_ID_400,FLUSH,444,car,366,706,551,376,0.7275,2026-07-28 21:52:21.417,2026-07-28 21:52:32.517
truck_ID_206,FLUSH,490,truck,477,367,477,367,0.3351,2026-07-28 21:52:32.580,2026-07-28 21:52:32.580
truck_ID_183,FLUSH,462,truck,49,630,387,374,0.3962,2026-07-28 21:52:26.118,2026-07-28 21:52:32.616
truck_ID_191,FLUSH,472,truck,394,655,511,449,0.3942,2026-07-28 21:52:28.185,2026-07-28 21:52:32.648
bus_ID_81,FLUSH,484,bus,731,300,862,405,0.6869,2026-07-28 21:52:30.615,2026-07-28 21:52:32.850
car_ID_393,FLUSH,432,car,457,385,477,368,0.5737,2026-07-28 21:52:19.985,2026-07-28 21:52:33.049
car_ID_413,FLUSH,456,car,382,704,541,401,0.6354,2026-07-28 21:52:24.914,2026-07-28 21:52:33.049
bus_ID_80,FLUSH,481,bus,727,296,1168,623,0.7251,2026-07-28 21:52:30.479,2026-07-28 21:52:33.381
truck_ID_207,FLUSH,481,truck,1184,634,1205,648,0.5654,2026-07-28 21:52:33.413,2026-07-28 21:52:33.953
car_ID_443,FLUSH,490,car,478,367,489,357,0.4262,2026-07-28 21:52:32.615,2026-07-28 21:52:34.084
car_ID_440,FLUSH,486,car,689,301,950,689,0.6755,2026-07-28 21:52:30.785,2026-07-28 21:52:34.148
car_ID_446,FLUSH,493,car,417,359,424,354,0.3706,2026-07-28 21:52:33.352,2026-07-28 21:52:34.185
car_ID_450,FLUSH,498,car,12,620,12,620,0.3977,2026-07-28 21:52:34.350,2026-07-28 21:52:34.350
car_ID_451,FLUSH,497,car,19,604,26,593,0.3720,2026-07-28 21:52:34.380,2026-07-28 21:52:34.482
truck_ID_211,FLUSH,492,truck,797,500,797,500,0.3279,2026-07-28 21:52:34.481,2026-07-28 21:52:34.481
truck_ID_212,FLUSH,491,truck,1206,601,1206,601,0.3527,2026-07-28 21:52:34.513,2026-07-28 21:52:34.513
truck_ID_208,FLUSH,490,truck,486,360,490,357,0.3585,2026-07-28 21:52:33.747,2026-07-28 21:52:34.755
car_ID_442,FLUSH,489,car,742,311,1221,707,0.6473,2026-07-28 21:52:31.850,2026-07-28 21:52:34.949
truck_ID_210,FLUSH,498,truck,19,605,26,594,0.5371,2026-07-28 21:52:34.381,2026-07-28 21:52:34.949
truck_ID_213,FLUSH,501,truck,1195,588,1235,635,0.3397,2026-07-28 21:52:34.514,2026-07-28 21:52:35.054
car_ID_444,FLUSH,491,car,792,326,1257,652,0.6717,2026-07-28 21:52:32.616,2026-07-28 21:52:35.118
car_ID_445,FLUSH,492,car,702,336,908,678,0.6017,2026-07-28 21:52:32.989,2026-07-28 21:52:35.415
car_ID_453,FLUSH,500,car,530,410,532,402,0.3712,2026-07-28 21:52:34.453,2026-07-28 21:52:35.520
car_ID_456,FLUSH,505,car,723,302,723,304,0.3309,2026-07-28 21:52:35.415,2026-07-28 21:52:35.953
bus_ID_86,FLUSH,477,bus,382,376,382,376,0.3707,2026-07-28 21:52:36.484,2026-07-28 21:52:36.484
truck_ID_217,FLUSH,509,truck,383,375,383,375,0.3565,2026-07-28 21:52:36.514,2026-07-28 21:52:36.514
bus_ID_87,FLUSH,509,bus,385,374,385,374,0.3066,2026-07-28 21:52:36.551,2026-07-28 21:52:37.017
car_ID_449,FLUSH,496,car,727,307,1184,697,0.6457,2026-07-28 21:52:34.248,2026-07-28 21:52:37.584
car_ID_448,FLUSH,495,car,770,308,1271,680,0.6502,2026-07-28 21:52:33.514,2026-07-28 21:52:37.649
truck_ID_215,FLUSH,506,truck,773,295,859,348,0.6408,2026-07-28 21:52:35.952,2026-07-28 21:52:37.717
bus_ID_85,FLUSH,503,bus,788,304,845,339,0.4206,2026-07-28 21:52:36.416,2026-07-28 21:52:37.717
car_ID_452,FLUSH,499,car,683,302,899,689,0.6053,2026-07-28 21:52:34.453,2026-07-28 21:52:37.749
car_ID_454,FLUSH,502,car,787,318,1236,650,0.6791,2026-07-28 21:52:34.755,2026-07-28 21:52:37.747
car_ID_459,FLUSH,511,car,532,398,532,399,0.3730,2026-07-28 21:52:36.850,2026-07-28 21:52:38.151
bus_ID_82,FLUSH,506,bus,760,288,863,349,0.4007,2026-07-28 21:52:35.520,2026-07-28 21:52:38.214
bus_ID_88,FLUSH,502,bus,1249,659,1249,659,0.4456,2026-07-28 21:52:37.785,2026-07-28 21:52:38.250
bus_ID_89,FLUSH,513,bus,1237,654,1237,654,0.4206,2026-07-28 21:52:37.786,2026-07-28 21:52:38.250
bus_ID_83,FLUSH,508,bus,123,547,178,465,0.5668,2026-07-28 21:52:36.315,2026-07-28 21:52:38.320
truck_ID_209,FLUSH,497,truck,10,618,177,465,0.7223,2026-07-28 21:52:34.315,2026-07-28 21:52:38.685
car_ID_457,FLUSH,507,car,689,307,923,699,0.6015,2026-07-28 21:52:35.984,2026-07-28 21:52:39.119
car_ID_458,FLUSH,510,car,767,343,1180,697,0.6279,2026-07-28 21:52:36.759,2026-07-28 21:52:39.218
bus_ID_84,FLUSH,497,bus,124,545,212,446,0.4967,2026-07-28 21:52:36.350,2026-07-28 21:52:39.218
car_ID_389,FLUSH,433,car,123,701,489,358,0.5276,2026-07-28 21:52:18.984,2026-07-28 21:52:39.819
car_ID_460,FLUSH,512,car,689,303,925,688,0.6302,2026-07-28 21:52:36.922,2026-07-28 21:52:40.050
truck_ID_214,FLUSH,503,truck,746,279,1190,573,0.6065,2026-07-28 21:52:34.755,2026-07-28 21:52:40.149
truck_ID_218,FLUSH,519,truck,723,286,730,291,0.3471,2026-07-28 21:52:39.382,2026-07-28 21:52:40.182
truck_ID_220,FLUSH,518,truck,783,460,799,484,0.4658,2026-07-28 21:52:40.948,2026-07-28 21:52:41.046
car_ID_469,FLUSH,524,car,787,469,799,483,0.4784,2026-07-28 21:52:40.916,2026-07-28 21:52:41.085
truck_ID_201,FLUSH,477,truck,69,607,454,332,0.6832,2026-07-28 21:52:30.152,2026-07-28 21:52:41.152
truck_ID_222,FLUSH,516,truck,927,659,923,651,0.4661,2026-07-28 21:52:41.416,2026-07-28 21:52:41.516
truck_ID_221,FLUSH,524,truck,795,478,839,545,0.4234,2026-07-28 21:52:41.014,2026-07-28 21:52:41.722
car_ID_465,FLUSH,518,car,701,323,903,635,0.5189,2026-07-28 21:52:39.382,2026-07-28 21:52:41.920
truck_ID_223,FLUSH,527,truck,824,366,872,401,0.5138,2026-07-28 21:52:41.581,2026-07-28 21:52:41.919
bus_ID_90,FLUSH,522,bus,765,318,871,401,0.5928,2026-07-28 21:52:40.685,2026-07-28 21:52:41.919
car_ID_468,FLUSH,523,car,815,336,877,373,0.4262,2026-07-28 21:52:40.786,2026-07-28 21:52:42.018
car_ID_463,FLUSH,516,car,699,324,955,676,0.5562,2026-07-28 21:52:38.949,2026-07-28 21:52:42.050
car_ID_461,FLUSH,514,car,779,317,1261,678,0.7189,2026-07-28 21:52:38.250,2026-07-28 21:52:42.151
car_ID_462,FLUSH,515,car,729,303,1176,691,0.6187,2026-07-28 21:52:38.716,2026-07-28 21:52:42.185
truck_ID_219,FLUSH,522,truck,758,314,878,406,0.4305,2026-07-28 21:52:40.585,2026-07-28 21:52:42.414
bus_ID_92,FLUSH,525,bus,784,359,790,365,0.3743,2026-07-28 21:52:42.814,2026-07-28 21:52:42.914
bus_ID_91,FLUSH,527,bus,840,376,1198,631,0.7890,2026-07-28 21:52:41.683,2026-07-28 21:52:43.053
truck_ID_226,FLUSH,527,truck,1230,657,1230,657,0.3301,2026-07-28 21:52:43.087,2026-07-28 21:52:43.087
bus_ID_93,FLUSH,530,bus,818,393,820,394,0.4064,2026-07-28 21:52:43.219,2026-07-28 21:52:43.249
car_ID_466,FLUSH,520,car,678,292,920,702,0.6007,2026-07-28 21:52:39.551,2026-07-28 21:52:43.450
truck_ID_224,FLUSH,525,truck,772,347,915,482,0.4425,2026-07-28 21:52:42.615,2026-07-28 21:52:43.817
car_ID_473,FLUSH,529,car,1067,501,1247,658,0.7187,2026-07-28 21:52:42.914,2026-07-28 21:52:43.849
car_ID_474,FLUSH,527,car,1252,672,1265,672,0.4664,2026-07-28 21:52:43.118,2026-07-28 21:52:43.916
car_ID_470,FLUSH,525,car,721,297,918,485,0.4727,2026-07-28 21:52:41.152,2026-07-28 21:52:44.316
car_ID_476,FLUSH,530,car,814,389,1110,639,0.4403,2026-07-28 21:52:43.185,2026-07-28 21:52:44.315
car_ID_472,FLUSH,528,car,858,372,1273,687,0.7517,2026-07-28 21:52:42.252,2026-07-28 21:52:44.715
truck_ID_225,FLUSH,530,truck,797,372,1158,658,0.6539,2026-07-28 21:52:43.014,2026-07-28 21:52:44.851
car_ID_471,FLUSH,526,car,682,287,939,671,0.4880,2026-07-28 21:52:41.382,2026-07-28 21:52:45.249
car_ID_394,FLUSH,438,car,155,705,500,357,0.6968,2026-07-28 21:52:20.585,2026-07-28 21:52:46.216
car_ID_475,FLUSH,531,car,789,320,1267,682,0.7089,2026-07-28 21:52:43.148,2026-07-28 21:52:46.550
truck_ID_227,FLUSH,535,truck,1047,499,1047,499,0.4598,2026-07-28 21:52:46.917,2026-07-28 21:52:46.917
car_ID_477,FLUSH,532,car,683,300,942,692,0.6289,2026-07-28 21:52:43.984,2026-07-28 21:52:47.415
car_ID_484,FLUSH,539,car,1050,501,1050,501,0.7129,2026-07-28 21:52:46.948,2026-07-28 21:52:47.415
car_ID_480,FLUSH,535,car,776,313,1263,677,0.6883,2026-07-28 21:52:44.415,2026-07-28 21:52:47.948
car_ID_487,FLUSH,542,car,505,348,507,348,0.3159,2026-07-28 21:52:48.012,2026-07-28 21:52:48.590
car_ID_479,FLUSH,534,car,676,283,944,697,0.5486,2026-07-28 21:52:44.383,2026-07-28 21:52:48.649
car_ID_464,FLUSH,517,car,9,687,448,346,0.6498,2026-07-28 21:52:39.184,2026-07-28 21:52:48.848
car_ID_483,FLUSH,538,car,771,313,1249,666,0.6927,2026-07-28 21:52:45.849,2026-07-28 21:52:48.951
car_ID_486,FLUSH,541,car,707,346,914,700,0.7114,2026-07-28 21:52:47.321,2026-07-28 21:52:49.521
truck_ID_228,FLUSH,546,truck,712,271,712,271,0.3351,2026-07-28 21:52:49.520,2026-07-28 21:52:49.547
bus_ID_95,FLUSH,540,bus,737,390,761,434,0.5947,2026-07-28 21:52:49.416,2026-07-28 21:52:49.747
car_ID_482,FLUSH,537,car,713,285,1212,697,0.5681,2026-07-28 21:52:45.849,2026-07-28 21:52:49.814
bus_ID_96,FLUSH,548,bus,745,406,745,406,0.3101,2026-07-28 21:52:49.584,2026-07-28 21:52:50.052
car_ID_492,FLUSH,549,car,839,569,842,575,0.4577,2026-07-28 21:52:50.219,2026-07-28 21:52:50.249
car_ID_485,FLUSH,540,car,679,287,874,620,0.4544,2026-07-28 21:52:47.152,2026-07-28 21:52:50.347
bus_ID_97,FLUSH,549,bus,889,636,917,650,0.5715,2026-07-28 21:52:50.385,2026-07-28 21:52:50.450
car_ID_491,FLUSH,547,car,466,335,479,327,0.3371,2026-07-28 21:52:49.379,2026-07-28 21:52:50.584
truck_ID_216,FLUSH,508,truck,124,545,501,294,0.6787,2026-07-28 21:52:36.354,2026-07-28 21:52:50.616
truck_ID_231,FLUSH,540,truck,797,495,888,633,0.3665,2026-07-28 21:52:50.014,2026-07-28 21:52:50.849
truck_ID_230,FLUSH,549,truck,782,468,924,660,0.4848,2026-07-28 21:52:49.950,2026-07-28 21:52:50.950
car_ID_489,FLUSH,544,car,779,315,1224,644,0.6768,2026-07-28 21:52:48.649,2026-07-28 21:52:51.282
bus_ID_98,FLUSH,553,bus,1238,657,1238,657,0.3814,2026-07-28 21:52:51.320,2026-07-28 21:52:51.320
truck_ID_234,FLUSH,546,truck,763,312,763,313,0.4812,2026-07-28 21:52:51.614,2026-07-28 21:52:51.650
truck_ID_233,FLUSH,544,truck,1001,468,1236,653,0.3538,2026-07-28 21:52:50.721,2026-07-28 21:52:51.783
car_ID_496,FLUSH,553,car,1249,676,1256,670,0.5042,2026-07-28 21:52:51.252,2026-07-28 21:52:51.849
bus_ID_99,FLUSH,554,bus,763,313,763,313,0.6559,2026-07-28 21:52:51.651,2026-07-28 21:52:52.112
car_ID_490,FLUSH,545,car,727,305,1170,695,0.7017,2026-07-28 21:52:48.981,2026-07-28 21:52:52.250
truck_ID_235,FLUSH,557,truck,520,287,520,286,0.3372,2026-07-28 21:52:52.250,2026-07-28 21:52:52.780
car_ID_414,FLUSH,457,car,107,698,508,347,0.7425,2026-07-28 21:52:24.950,2026-07-28 21:52:54.416
car_ID_501,FLUSH,560,car,675,281,676,284,0.3955,2026-07-28 21:52:53.849,2026-07-28 21:52:54.416
bus_ID_94,FLUSH,546,bus,711,268,1179,600,0.6668,2026-07-28 21:52:49.379,2026-07-28 21:52:54.416
car_ID_494,FLUSH,551,car,677,290,910,678,0.5550,2026-07-28 21:52:50.951,2026-07-28 21:52:54.816
car_ID_497,FLUSH,555,car,730,303,1188,695,0.6313,2026-07-28 21:52:51.918,2026-07-28 21:52:55.452
truck_ID_232,FLUSH,550,truck,91,560,352,396,0.4103,2026-07-28 21:52:50.250,2026-07-28 21:52:55.451
car_ID_498,FLUSH,556,car,683,297,919,694,0.5934,2026-07-28 21:52:52.181,2026-07-28 21:52:55.786
car_ID_481,FLUSH,536,car,5,661,441,343,0.7136,2026-07-28 21:52:45.416,2026-07-28 21:52:55.917
car_ID_493,FLUSH,550,car,90,562,355,394,0.5296,2026-07-28 21:52:50.219,2026-07-28 21:52:55.985
truck_ID_236,FLUSH,567,truck,1144,660,1144,660,0.3301,2026-07-28 21:52:55.849,2026-07-28 21:52:56.323
car_ID_500,FLUSH,559,car,730,303,1187,686,0.5571,2026-07-28 21:52:52.917,2026-07-28 21:52:56.391
bus_ID_100,FLUSH,564,bus,820,341,875,375,0.3237,2026-07-28 21:52:55.985,2026-07-28 21:52:56.518
truck_ID_237,FLUSH,564,truck,880,378,920,403,0.3137,2026-07-28 21:52:56.549,2026-07-28 21:52:56.784
truck_ID_238,FLUSH,568,truck,876,376,876,376,0.3173,2026-07-28 21:52:56.549,2026-07-28 21:52:57.016
car_ID_503,FLUSH,562,car,745,319,1152,677,0.6308,2026-07-28 21:52:54.520,2026-07-28 21:52:57.251
truck_ID_239,FLUSH,569,truck,975,440,975,440,0.4278,2026-07-28 21:52:57.048,2026-07-28 21:52:57.514
car_ID_504,FLUSH,563,car,692,318,884,661,0.6403,2026-07-28 21:52:55.215,2026-07-28 21:52:57.617
car_ID_488,FLUSH,543,car,8,660,418,357,0.5874,2026-07-28 21:52:48.352,2026-07-28 21:52:57.715
car_ID_505,FLUSH,564,car,785,318,1263,644,0.5739,2026-07-28 21:52:55.452,2026-07-28 21:52:58.215
car_ID_507,FLUSH,566,car,691,307,907,679,0.5900,2026-07-28 21:52:55.752,2026-07-28 21:52:58.519
car_ID_436,FLUSH,479,car,96,703,506,347,0.7705,2026-07-28 21:52:29.454,2026-07-28 21:52:58.584
truck_ID_229,FLUSH,543,truck,73,590,445,341,0.3899,2026-07-28 21:52:49.715,2026-07-28 21:52:59.247
truck_ID_240,FLUSH,574,truck,467,330,467,330,0.3101,2026-07-28 21:52:59.920,2026-07-28 21:53:00.381
car_ID_512,FLUSH,575,car,569,337,569,337,0.3173,2026-07-28 21:53:00.052,2026-07-28 21:53:00.517
car_ID_513,FLUSH,576,car,16,636,23,621,0.4152,2026-07-28 21:53:00.751,2026-07-28 21:53:00.850
truck_ID_242,FLUSH,577,truck,14,639,22,621,0.4409,2026-07-28 21:53:00.751,2026-07-28 21:53:00.850
car_ID_508,FLUSH,570,car,774,313,1261,673,0.7191,2026-07-28 21:52:57.849,2026-07-28 21:53:00.915
car_ID_514,FLUSH,577,car,22,623,27,613,0.3359,2026-07-28 21:53:00.814,2026-07-28 21:53:01.383
car_ID_516,FLUSH,579,car,574,331,574,331,0.3351,2026-07-28 21:53:00.949,2026-07-28 21:53:01.416
car_ID_517,FLUSH,580,car,722,265,728,269,0.3235,2026-07-28 21:53:01.114,2026-07-28 21:53:01.920
car_ID_499,FLUSH,558,car,7,671,436,351,0.6676,2026-07-28 21:52:52.816,2026-07-28 21:53:02.014
car_ID_447,FLUSH,494,car,134,708,533,323,0.6986,2026-07-28 21:52:33.413,2026-07-28 21:53:02.950
car_ID_511,FLUSH,573,car,761,302,1248,661,0.7280,2026-07-28 21:52:59.713,2026-07-28 21:53:03.013
car_ID_519,FLUSH,582,car,454,339,461,334,0.3290,2026-07-28 21:53:02.381,2026-07-28 21:53:03.317
car_ID_515,FLUSH,578,car,754,299,1252,662,0.7029,2026-07-28 21:53:00.815,2026-07-28 21:53:04.317
bus_ID_102,FLUSH,586,bus,783,304,793,310,0.4410,2026-07-28 21:53:04.116,2026-07-28 21:53:04.317
car_ID_518,FLUSH,581,car,680,289,904,669,0.5585,2026-07-28 21:53:01.218,2026-07-28 21:53:04.548
truck_ID_244,FLUSH,586,truck,787,305,795,312,0.3600,2026-07-28 21:53:04.150,2026-07-28 21:53:04.815
bus_ID_103,FLUSH,585,bus,781,351,788,358,0.3949,2026-07-28 21:53:04.950,2026-07-28 21:53:05.050
car_ID_521,FLUSH,585,car,714,291,797,365,0.4058,2026-07-28 21:53:03.317,2026-07-28 21:53:05.146
bus_ID_104,FLUSH,588,bus,863,349,883,362,0.6131,2026-07-28 21:53:05.348,2026-07-28 21:53:05.520
truck_ID_245,FLUSH,585,truck,776,346,800,369,0.3271,2026-07-28 21:53:04.886,2026-07-28 21:53:05.651
car_ID_524,FLUSH,588,car,865,399,906,468,0.6135,2026-07-28 21:53:05.584,2026-07-28 21:53:05.882
car_ID_506,FLUSH,565,car,6,672,475,327,0.5772,2026-07-28 21:52:55.513,2026-07-28 21:53:05.915
car_ID_523,FLUSH,589,car,755,299,755,299,0.3315,2026-07-28 21:53:05.453,2026-07-28 21:53:05.916
bus_ID_105,FLUSH,587,bus,1078,618,1078,618,0.4127,2026-07-28 21:53:06.286,2026-07-28 21:53:06.286
truck_ID_247,FLUSH,588,truck,874,357,941,500,0.3759,2026-07-28 21:53:05.414,2026-07-28 21:53:06.449
car_ID_423,FLUSH,467,car,355,705,576,322,0.4869,2026-07-28 21:52:27.184,2026-07-28 21:53:06.584
car_ID_527,FLUSH,592,car,11,695,47,667,0.7411,2026-07-28 21:53:06.348,2026-07-28 21:53:06.718
car_ID_522,FLUSH,587,car,780,349,1220,695,0.5741,2026-07-28 21:53:04.988,2026-07-28 21:53:06.756
bus_ID_106,FLUSH,576,bus,320,394,324,391,0.3639,2026-07-28 21:53:06.687,2026-07-28 21:53:06.754
bus_ID_101,FLUSH,583,bus,785,304,1216,585,0.6498,2026-07-28 21:53:04.116,2026-07-28 21:53:06.948
car_ID_495,FLUSH,552,car,100,704,540,317,0.6775,2026-07-28 21:52:51.049,2026-07-28 21:53:07.117
truck_ID_249,FLUSH,594,truck,319,394,319,394,0.6866,2026-07-28 21:53:06.756,2026-07-28 21:53:07.214
car_ID_510,FLUSH,572,car,6,667,443,348,0.6587,2026-07-28 21:52:58.950,2026-07-28 21:53:07.248
truck_ID_248,FLUSH,592,truck,50,664,58,656,0.4094,2026-07-28 21:53:06.755,2026-07-28 21:53:07.315
truck_ID_246,FLUSH,587,truck,791,360,1215,582,0.5290,2026-07-28 21:53:05.083,2026-07-28 21:53:07.351
truck_ID_243,FLUSH,583,truck,744,279,1254,599,0.5731,2026-07-28 21:53:02.620,2026-07-28 21:53:07.451
truck_ID_250,FLUSH,591,truck,1100,532,1187,591,0.4343,2026-07-28 21:53:08.516,2026-07-28 21:53:08.719
truck_ID_251,FLUSH,597,truck,1203,609,1214,627,0.3996,2026-07-28 21:53:08.719,2026-07-28 21:53:08.747
car_ID_525,FLUSH,590,car,683,292,957,696,0.6064,2026-07-28 21:53:05.585,2026-07-28 21:53:08.983
car_ID_526,FLUSH,591,car,778,311,1212,625,0.7013,2026-07-28 21:53:06.047,2026-07-28 21:53:09.216
car_ID_531,FLUSH,597,car,1105,535,1251,662,0.5278,2026-07-28 21:53:08.547,2026-07-28 21:53:09.352
car_ID_502,FLUSH,561,car,127,701,554,300,0.6607,2026-07-28 21:52:54.251,2026-07-28 21:53:10.383
car_ID_438,FLUSH,483,car,379,706,587,313,0.7293,2026-07-28 21:52:30.517,2026-07-28 21:53:10.554
car_ID_528,FLUSH,593,car,754,296,1265,662,0.6711,2026-07-28 21:53:06.584,2026-07-28 21:53:10.585
car_ID_534,FLUSH,600,car,588,308,590,306,0.4370,2026-07-28 21:53:10.714,2026-07-28 21:53:11.347
car_ID_509,FLUSH,571,car,107,700,546,305,0.6940,2026-07-28 21:52:57.951,2026-07-28 21:53:11.950
person_ID_2,FLUSH,603,person,962,437,965,439,0.3672,2026-07-28 21:53:12.014,2026-07-28 21:53:12.050
truck_ID_253,FLUSH,602,truck,784,347,961,505,0.4598,2026-07-28 21:53:11.145,2026-07-28 21:53:12.349
car_ID_532,FLUSH,598,car,712,282,1103,624,0.4880,2026-07-28 21:53:08.983,2026-07-28 21:53:12.581
car_ID_541,FLUSH,609,car,1144,639,1221,609,0.4248,2026-07-28 21:53:12.649,2026-07-28 21:53:12.751
car_ID_536,FLUSH,602,car,771,337,990,531,0.5328,2026-07-28 21:53:11.014,2026-07-28 21:53:12.852
truck_ID_241,FLUSH,576,truck,11,644,501,292,0.7665,2026-07-28 21:53:00.721,2026-07-28 21:53:12.852
motorcycle_ID_3,FLUSH,608,motorcycle,1080,519,1094,528,0.3141,2026-07-28 21:53:12.452,2026-07-28 21:53:12.948
truck_ID_252,FLUSH,598,truck,771,336,1164,648,0.4605,2026-07-28 21:53:10.947,2026-07-28 21:53:13.150
car_ID_544,FLUSH,613,car,43,649,45,649,0.6434,2026-07-28 21:53:13.249,2026-07-28 21:53:13.282
truck_ID_255,FLUSH,610,truck,43,649,45,648,0.3339,2026-07-28 21:53:13.213,2026-07-28 21:53:13.282
car_ID_529,FLUSH,595,car,50,663,463,335,0.6494,2026-07-28 21:53:06.788,2026-07-28 21:53:13.414
truck_ID_254,FLUSH,611,truck,510,288,512,287,0.3940,2026-07-28 21:53:12.985,2026-07-28 21:53:13.582
truck_ID_256,FLUSH,613,truck,47,647,47,647,0.4389,2026-07-28 21:53:13.314,2026-07-28 21:53:13.781
car_ID_535,FLUSH,601,car,725,304,1125,685,0.6233,2026-07-28 21:53:10.849,2026-07-28 21:53:13.946
car_ID_455,FLUSH,504,car,343,705,587,300,0.7774,2026-07-28 21:52:35.054,2026-07-28 21:53:14.217
car_ID_520,FLUSH,584,car,127,707,536,319,0.6946,2026-07-28 21:53:02.917,2026-07-28 21:53:14.314
car_ID_540,FLUSH,607,car,685,313,898,697,0.6089,2026-07-28 21:53:12.250,2026-07-28 21:53:14.948
car_ID_537,FLUSH,604,car,756,296,1262,658,0.6374,2026-07-28 21:53:11.416,2026-07-28 21:53:15.616
car_ID_467,FLUSH,521,car,383,700,568,342,0.8009,2026-07-28 21:52:40.417,2026-07-28 21:53:15.916
car_ID_539,FLUSH,606,car,705,284,1177,697,0.6028,2026-07-28 21:53:11.652,2026-07-28 21:53:16.116
car_ID_545,FLUSH,614,car,689,296,952,699,0.6254,2026-07-28 21:53:13.415,2026-07-28 21:53:16.949
car_ID_550,FLUSH,619,car,572,333,577,326,0.3563,2026-07-28 21:53:16.116,2026-07-28 21:53:17.015
car_ID_533,FLUSH,599,car,8,673,482,319,0.6313,2026-07-28 21:53:09.014,2026-07-28 21:53:17.215
car_ID_548,FLUSH,617,car,686,304,951,688,0.6481,2026-07-28 21:53:14.649,2026-07-28 21:53:17.754
car_ID_530,FLUSH,596,car,89,704,542,308,0.6779,2026-07-28 21:53:06.816,2026-07-28 21:53:17.814
car_ID_546,FLUSH,615,car,711,285,1185,692,0.6219,2026-07-28 21:53:14.050,2026-07-28 21:53:18.448
car_ID_555,FLUSH,624,car,550,302,554,299,0.3274,2026-07-28 21:53:18.048,2026-07-28 21:53:18.815
car_ID_552,FLUSH,621,car,693,315,897,660,0.6809,2026-07-28 21:53:17.451,2026-07-28 21:53:19.581
car_ID_478,FLUSH,533,car,360,705,581,314,0.7446,2026-07-28 21:52:44.383,2026-07-28 21:53:19.985
truck_ID_257,FLUSH,621,truck,920,675,927,679,0.3151,2026-07-28 21:53:19.613,2026-07-28 21:53:20.117
car_ID_542,FLUSH,610,car,8,676,468,332,0.7027,2026-07-28 21:53:12.816,2026-07-28 21:53:20.146
car_ID_543,FLUSH,612,car,371,707,584,314,0.7012,2026-07-28 21:53:13.214,2026-07-28 21:53:21.180
car_ID_538,FLUSH,605,car,130,701,536,313,0.6406,2026-07-28 21:53:11.584,2026-07-28 21:53:21.215
car_ID_553,FLUSH,622,car,754,299,1249,658,0.6444,2026-07-28 21:53:17.784,2026-07-28 21:53:21.514
truck_ID_259,FLUSH,626,truck,744,404,815,517,0.4803,2026-07-28 21:53:21.147,2026-07-28 21:53:21.714
truck_ID_258,FLUSH,629,truck,728,264,758,281,0.4229,2026-07-28 21:53:19.913,2026-07-28 21:53:21.750
truck_ID_260,FLUSH,631,truck,780,453,832,550,0.4963,2026-07-28 21:53:21.449,2026-07-28 21:53:21.750
bus_ID_108,FLUSH,634,bus,758,281,758,281,0.3957,2026-07-28 21:53:21.786,2026-07-28 21:53:21.786
truck_ID_263,FLUSH,636,truck,136,554,136,554,0.4690,2026-07-28 21:53:22.052,2026-07-28 21:53:22.117
truck_ID_262,FLUSH,630,truck,123,564,166,534,0.3810,2026-07-28 21:53:21.948,2026-07-28 21:53:22.181
car_ID_557,FLUSH,626,car,677,281,830,547,0.4780,2026-07-28 21:53:18.549,2026-07-28 21:53:22.216
car_ID_554,FLUSH,623,car,710,286,1190,699,0.6333,2026-07-28 21:53:17.950,2026-07-28 21:53:22.320
truck_ID_261,FLUSH,634,truck,759,282,759,282,0.4349,2026-07-28 21:53:21.814,2026-07-28 21:53:22.320
car_ID_561,FLUSH,631,car,761,430,942,688,0.6403,2026-07-28 21:53:21.385,2026-07-28 21:53:22.551
car_ID_563,FLUSH,633,car,548,302,553,298,0.4123,2026-07-28 21:53:21.786,2026-07-28 21:53:22.648
car_ID_565,FLUSH,636,car,124,563,167,535,0.5078,2026-07-28 21:53:22.015,2026-07-28 21:53:22.648
car_ID_562,FLUSH,632,car,593,304,598,293,0.4686,2026-07-28 21:53:21.449,2026-07-28 21:53:22.917
car_ID_556,FLUSH,625,car,8,670,448,357,0.7393,2026-07-28 21:53:18.349,2026-07-28 21:53:22.980
car_ID_547,FLUSH,616,car,7,674,501,307,0.6540,2026-07-28 21:53:14.615,2026-07-28 21:53:23.382
truck_ID_266,FLUSH,628,truck,484,354,488,349,0.3523,2026-07-28 21:53:23.215,2026-07-28 21:53:23.579
bus_ID_109,FLUSH,640,bus,789,298,837,323,0.7727,2026-07-28 21:53:22.814,2026-07-28 21:53:23.712
bus_ID_107,FLUSH,629,bus,743,272,846,330,0.7267,2026-07-28 21:53:21.015,2026-07-28 21:53:23.847
car_ID_551,FLUSH,620,car,353,705,589,307,0.6973,2026-07-28 21:53:16.183,2026-07-28 21:53:24.048
truck_ID_265,FLUSH,640,truck,792,300,847,330,0.3953,2026-07-28 21:53:22.883,2026-07-28 21:53:24.314
car_ID_549,FLUSH,618,car,124,701,547,301,0.7131,2026-07-28 21:53:15.981,2026-07-28 21:53:24.546
car_ID_558,FLUSH,627,car,340,705,567,333,0.7628,2026-07-28 21:53:18.783,2026-07-28 21:53:24.546
truck_ID_267,FLUSH,645,truck,293,563,293,563,0.3189,2026-07-28 21:53:25.184,2026-07-28 21:53:25.184
car_ID_564,FLUSH,635,car,690,293,955,685,0.6930,2026-07-28 21:53:21.846,2026-07-28 21:53:25.352
car_ID_559,FLUSH,628,car,82,704,527,325,0.6493,2026-07-28 21:53:19.048,2026-07-28 21:53:25.552
car_ID_568,FLUSH,639,car,683,290,936,699,0.6172,2026-07-28 21:53:22.616,2026-07-28 21:53:25.988
truck_ID_268,FLUSH,649,truck,18,656,46,636,0.3568,2026-07-28 21:53:25.884,2026-07-28 21:53:26.080
truck_ID_264,FLUSH,629,truck,788,298,1244,555,0.7374,2026-07-28 21:53:22.780,2026-07-28 21:53:26.113
car_ID_578,FLUSH,650,car,20,654,45,639,0.5449,2026-07-28 21:53:25.916,2026-07-28 21:53:26.556
car_ID_560,FLUSH,630,car,12,688,463,334,0.6153,2026-07-28 21:53:21.050,2026-07-28 21:53:26.592
car_ID_569,FLUSH,641,car,676,291,912,697,0.5730,2026-07-28 21:53:23.149,2026-07-28 21:53:26.592
bus_ID_110,FLUSH,629,bus,1258,557,1258,557,0.5590,2026-07-28 21:53:26.148,2026-07-28 21:53:26.621
car_ID_570,FLUSH,642,car,709,288,1141,693,0.5670,2026-07-28 21:53:23.150,2026-07-28 21:53:26.996
car_ID_579,FLUSH,651,car,542,307,552,301,0.3114,2026-07-28 21:53:26.053,2026-07-28 21:53:27.186
truck_ID_269,FLUSH,655,truck,1062,512,1062,512,0.3493,2026-07-28 21:53:27.057,2026-07-28 21:53:27.517
car_ID_583,FLUSH,656,car,682,301,683,304,0.3782,2026-07-28 21:53:27.251,2026-07-28 21:53:27.814
car_ID_566,FLUSH,637,car,86,702,527,323,0.6507,2026-07-28 21:53:22.118,2026-07-28 21:53:27.985
car_ID_574,FLUSH,646,car,794,324,1256,672,0.6968,2026-07-28 21:53:24.747,2026-07-28 21:53:28.019
car_ID_567,FLUSH,638,car,350,705,575,323,0.6566,2026-07-28 21:53:22.118,2026-07-28 21:53:28.252
car_ID_584,FLUSH,657,car,70,683,128,641,0.7756,2026-07-28 21:53:27.652,2026-07-28 21:53:28.318
car_ID_576,FLUSH,648,car,692,313,934,706,0.6312,2026-07-28 21:53:25.716,2026-07-28 21:53:28.415
car_ID_575,FLUSH,647,car,797,328,1253,667,0.6823,2026-07-28 21:53:25.716,2026-07-28 21:53:28.786
car_ID_581,FLUSH,653,car,788,321,1231,644,0.6860,2026-07-28 21:53:26.424,2026-07-28 21:53:29.046
truck_ID_270,FLUSH,658,truck,242,581,349,481,0.3539,2026-07-28 21:53:28.318,2026-07-28 21:53:29.082
car_ID_582,FLUSH,654,car,732,312,1169,706,0.6244,2026-07-28 21:53:26.424,2026-07-28 21:53:29.387
car_ID_594,FLUSH,667,car,60,634,78,601,0.5130,2026-07-28 21:53:29.313,2026-07-28 21:53:29.413
truck_ID_272,FLUSH,664,truck,45,656,79,601,0.4863,2026-07-28 21:53:29.150,2026-07-28 21:53:29.413
car_ID_572,FLUSH,644,car,8,678,464,333,0.7087,2026-07-28 21:53:23.784,2026-07-28 21:53:29.448
car_ID_592,FLUSH,665,car,1239,649,1239,649,0.5525,2026-07-28 21:53:29.114,2026-07-28 21:53:29.584
truck_ID_271,FLUSH,653,truck,1103,535,1252,661,0.4544,2026-07-28 21:53:28.752,2026-07-28 21:53:29.584
truck_ID_273,FLUSH,667,truck,79,598,79,598,0.4615,2026-07-28 21:53:29.448,2026-07-28 21:53:29.918
car_ID_587,FLUSH,660,car,694,322,929,700,0.6138,2026-07-28 21:53:27.921,2026-07-28 21:53:30.452
car_ID_588,FLUSH,661,car,758,331,1169,687,0.7102,2026-07-28 21:53:28.120,2026-07-28 21:53:30.516
car_ID_577,FLUSH,649,car,8,670,444,347,0.7349,2026-07-28 21:53:25.816,2026-07-28 21:53:30.614
car_ID_571,FLUSH,643,car,376,700,587,303,0.6111,2026-07-28 21:53:23.755,2026-07-28 21:53:31.048
car_ID_573,FLUSH,645,car,132,703,545,305,0.5677,2026-07-28 21:53:24.381,2026-07-28 21:53:31.048
car_ID_599,FLUSH,672,car,505,307,505,307,0.4064,2026-07-28 21:53:30.651,2026-07-28 21:53:31.116
car_ID_586,FLUSH,659,car,783,316,1274,672,0.6633,2026-07-28 21:53:27.921,2026-07-28 21:53:31.517
truck_ID_275,FLUSH,674,truck,361,665,361,665,0.3039,2026-07-28 21:53:31.148,2026-07-28 21:53:31.615
truck_ID_274,FLUSH,673,truck,365,657,433,570,0.3301,2026-07-28 21:53:31.148,2026-07-28 21:53:31.714
car_ID_589,FLUSH,662,car,740,307,1178,695,0.6142,2026-07-28 21:53:28.217,2026-07-28 21:53:31.781
car_ID_593,FLUSH,666,car,676,283,815,535,0.5599,2026-07-28 21:53:29.313,2026-07-28 21:53:32.478
truck_ID_277,FLUSH,677,truck,847,592,847,592,0.4577,2026-07-28 21:53:32.583,2026-07-28 21:53:32.583
car_ID_580,FLUSH,652,car,372,705,579,318,0.6887,2026-07-28 21:53:26.254,2026-07-28 21:53:32.616
car_ID_595,FLUSH,668,car,792,321,1272,683,0.6883,2026-07-28 21:53:29.918,2026-07-28 21:53:33.119
truck_ID_276,FLUSH,666,truck,791,494,863,617,0.3712,2026-07-28 21:53:32.346,2026-07-28 21:53:33.119
car_ID_603,FLUSH,677,car,793,498,939,690,0.5348,2026-07-28 21:53:32.386,2026-07-28 21:53:33.315
bus_ID_111,FLUSH,671,bus,1243,655,1243,655,0.6202,2026-07-28 21:53:33.314,2026-07-28 21:53:33.314
car_ID_596,FLUSH,669,car,746,325,1198,696,0.6570,2026-07-28 21:53:30.452,2026-07-28 21:53:33.385
car_ID_607,FLUSH,681,car,588,307,589,305,0.3495,2026-07-28 21:53:32.988,2026-07-28 21:53:33.552
car_ID_609,FLUSH,683,car,11,677,11,677,0.3814,2026-07-28 21:53:33.616,2026-07-28 21:53:33.616
truck_ID_279,FLUSH,684,truck,16,671,16,671,0.3315,2026-07-28 21:53:33.651,2026-07-28 21:53:33.651
car_ID_585,FLUSH,658,car,150,693,536,312,0.6126,2026-07-28 21:53:27.652,2026-07-28 21:53:33.824
car_ID_598,FLUSH,671,car,792,322,1256,666,0.6960,2026-07-28 21:53:30.615,2026-07-28 21:53:33.824
truck_ID_278,FLUSH,683,truck,15,672,15,672,0.3315,2026-07-28 21:53:33.647,2026-07-28 21:53:34.116
car_ID_597,FLUSH,670,car,735,304,1243,696,0.6329,2026-07-28 21:53:30.588,2026-07-28 21:53:34.355
truck_ID_280,FLUSH,673,truck,544,368,544,368,0.3279,2026-07-28 21:53:34.582,2026-07-28 21:53:34.582
truck_ID_281,FLUSH,679,truck,921,503,921,503,0.3850,2026-07-28 21:53:34.583,2026-07-28 21:53:34.583
car_ID_615,FLUSH,689,car,924,505,924,505,0.7201,2026-07-28 21:53:34.615,2026-07-28 21:53:34.615
car_ID_591,FLUSH,664,car,22,669,486,321,0.5716,2026-07-28 21:53:29.018,2026-07-28 21:53:34.715
car_ID_602,FLUSH,676,car,772,336,1172,693,0.7195,2026-07-28 21:53:31.918,2026-07-28 21:53:34.783
truck_ID_282,FLUSH,689,truck,934,515,934,515,0.3707,2026-07-28 21:53:34.648,2026-07-28 21:53:35.117
car_ID_590,FLUSH,663,car,377,700,593,306,0.6245,2026-07-28 21:53:28.386,2026-07-28 21:53:35.182
car_ID_616,FLUSH,690,car,502,309,503,308,0.3400,2026-07-28 21:53:34.947,2026-07-28 21:53:35.449
car_ID_605,FLUSH,679,car,747,334,1154,692,0.7088,2026-07-28 21:53:32.919,2026-07-28 21:53:35.616
truck_ID_283,FLUSH,682,truck,927,486,958,513,0.4064,2026-07-28 21:53:35.514,2026-07-28 21:53:35.651
car_ID_619,FLUSH,693,car,929,487,957,513,0.4844,2026-07-28 21:53:35.584,2026-07-28 21:53:36.114
car_ID_606,FLUSH,680,car,776,309,1251,649,0.6853,2026-07-28 21:53:32.919,2026-07-28 21:53:36.615
car_ID_608,FLUSH,682,car,747,318,1157,678,0.6703,2026-07-28 21:53:33.350,2026-07-28 21:53:36.615
car_ID_600,FLUSH,673,car,325,705,572,320,0.6022,2026-07-28 21:53:30.781,2026-07-28 21:53:37.116
car_ID_612,FLUSH,686,car,689,303,934,701,0.6349,2026-07-28 21:53:33.752,2026-07-28 21:53:37.381
car_ID_624,FLUSH,698,car,753,418,796,490,0.4737,2026-07-28 21:53:37.315,2026-07-28 21:53:37.686
bus_ID_112,FLUSH,688,bus,743,402,784,471,0.4672,2026-07-28 21:53:37.152,2026-07-28 21:53:37.687
car_ID_613,FLUSH,687,car,771,309,1254,655,0.6619,2026-07-28 21:53:34.052,2026-07-28 21:53:37.720
car_ID_618,FLUSH,692,car,763,297,931,399,0.4619,2026-07-28 21:53:35.319,2026-07-28 21:53:37.719
truck_ID_285,FLUSH,697,truck,841,346,931,399,0.4897,2026-07-28 21:53:36.948,2026-07-28 21:53:37.719
car_ID_630,FLUSH,704,car,35,679,35,679,0.3957,2026-07-28 21:53:38.050,2026-07-28 21:53:38.050
bus_ID_113,FLUSH,698,bus,774,455,801,500,0.4315,2026-07-28 21:53:37.528,2026-07-28 21:53:38.185
car_ID_623,FLUSH,697,car,847,349,938,403,0.3986,2026-07-28 21:53:36.984,2026-07-28 21:53:38.217
truck_ID_286,FLUSH,688,truck,752,417,910,652,0.3965,2026-07-28 21:53:37.281,2026-07-28 21:53:38.253
car_ID_631,FLUSH,705,car,891,634,891,634,0.4502,2026-07-28 21:53:38.120,2026-07-28 21:53:38.595
car_ID_626,FLUSH,700,car,722,271,731,275,0.3222,2026-07-28 21:53:37.417,2026-07-28 21:53:38.721
car_ID_614,FLUSH,688,car,678,287,944,692,0.4588,2026-07-28 21:53:34.448,2026-07-28 21:53:38.749
car_ID_617,FLUSH,691,car,722,304,1175,693,0.6432,2026-07-28 21:53:35.118,2026-07-28 21:53:38.749
car_ID_601,FLUSH,675,car,100,700,554,302,0.6078,2026-07-28 21:53:31.650,2026-07-28 21:53:39.019
truck_ID_284,FLUSH,692,truck,790,313,1257,623,0.6693,2026-07-28 21:53:36.016,2026-07-28 21:53:39.355
car_ID_604,FLUSH,678,car,365,701,586,308,0.5889,2026-07-28 21:53:32.819,2026-07-28 21:53:39.852
car_ID_610,FLUSH,684,car,21,667,485,317,0.6534,2026-07-28 21:53:33.683,2026-07-28 21:53:40.048
truck_ID_289,FLUSH,706,truck,790,485,822,540,0.3401,2026-07-28 21:53:40.116,2026-07-28 21:53:40.315
car_ID_625,FLUSH,699,car,696,317,934,697,0.6814,2026-07-28 21:53:37.315,2026-07-28 21:53:40.354
car_ID_636,FLUSH,712,car,502,306,505,304,0.3534,2026-07-28 21:53:40.415,2026-07-28 21:53:41.053
car_ID_632,FLUSH,706,car,692,313,903,673,0.6183,2026-07-28 21:53:38.120,2026-07-28 21:53:41.118
car_ID_627,FLUSH,701,car,733,305,1219,696,0.6850,2026-07-28 21:53:37.649,2026-07-28 21:53:41.154
car_ID_620,FLUSH,694,car,9,674,463,333,0.6646,2026-07-28 21:53:35.654,2026-07-28 21:53:41.190
car_ID_633,FLUSH,708,car,697,318,816,515,0.6170,2026-07-28 21:53:39.414,2026-07-28 21:53:41.383
car_ID_628,FLUSH,702,car,775,308,1267,663,0.6972,2026-07-28 21:53:37.649,2026-07-28 21:53:41.586
car_ID_635,FLUSH,711,car,593,298,600,288,0.3531,2026-07-28 21:53:40.189,2026-07-28 21:53:41.649
truck_ID_288,FLUSH,707,truck,169,558,428,374,0.6402,2026-07-28 21:53:39.187,2026-07-28 21:53:41.681
truck_ID_292,FLUSH,708,truck,804,495,828,532,0.3716,2026-07-28 21:53:41.314,2026-07-28 21:53:41.918
bus_ID_115,FLUSH,707,bus,165,561,430,372,0.3861,2026-07-28 21:53:39.148,2026-07-28 21:53:42.182
car_ID_642,FLUSH,719,car,828,533,935,689,0.5534,2026-07-28 21:53:41.451,2026-07-28 21:53:42.314
car_ID_634,FLUSH,709,car,759,295,897,385,0.4529,2026-07-28 21:53:39.921,2026-07-28 21:53:42.519
car_ID_643,FLUSH,715,car,820,335,901,387,0.4940,2026-07-28 21:53:41.516,2026-07-28 21:53:42.518
car_ID_611,FLUSH,685,car,123,699,572,286,0.5815,2026-07-28 21:53:33.720,2026-07-28 21:53:42.651
car_ID_622,FLUSH,696,car,112,704,531,317,0.7022,2026-07-28 21:53:36.218,2026-07-28 21:53:42.816
truck_ID_296,FLUSH,725,truck,141,673,141,673,0.3489,2026-07-28 21:53:42.816,2026-07-28 21:53:42.816
car_ID_644,FLUSH,720,car,738,280,740,282,0.3368,2026-07-28 21:53:42.248,2026-07-28 21:53:42.855
truck_ID_294,FLUSH,723,truck,124,680,159,661,0.4402,2026-07-28 21:53:42.715,2026-07-28 21:53:42.853
bus_ID_116,FLUSH,715,bus,834,344,949,417,0.4317,2026-07-28 21:53:41.748,2026-07-28 21:53:42.854
bus_ID_117,FLUSH,709,bus,845,351,961,423,0.5296,2026-07-28 21:53:41.917,2026-07-28 21:53:42.922
car_ID_648,FLUSH,725,car,157,664,157,664,0.6603,2026-07-28 21:53:42.855,2026-07-28 21:53:43.323
truck_ID_291,FLUSH,715,truck,797,321,961,423,0.4860,2026-07-28 21:53:41.118,2026-07-28 21:53:43.389
car_ID_637,FLUSH,713,car,736,313,1201,694,0.6614,2026-07-28 21:53:40.550,2026-07-28 21:53:43.785
truck_ID_293,FLUSH,709,truck,814,331,1250,633,0.6585,2026-07-28 21:53:41.415,2026-07-28 21:53:43.948
car_ID_641,FLUSH,718,car,692,325,892,680,0.6782,2026-07-28 21:53:41.385,2026-07-28 21:53:44.149
car_ID_650,FLUSH,709,car,1263,640,1263,640,0.4277,2026-07-28 21:53:43.981,2026-07-28 21:53:44.455
car_ID_621,FLUSH,695,car,388,697,601,289,0.6270,2026-07-28 21:53:36.146,2026-07-28 21:53:44.526
truck_ID_295,FLUSH,722,truck,481,335,533,296,0.5999,2026-07-28 21:53:42.715,2026-07-28 21:53:44.652
bus_ID_114,FLUSH,704,bus,168,559,533,296,0.5363,2026-07-28 21:53:39.147,2026-07-28 21:53:44.652
truck_ID_298,FLUSH,714,truck,789,491,833,569,0.3958,2026-07-28 21:53:44.354,2026-07-28 21:53:44.687
truck_ID_299,FLUSH,729,truck,802,514,866,630,0.4514,2026-07-28 21:53:44.417,2026-07-28 21:53:44.719
car_ID_658,FLUSH,734,car,93,667,101,660,0.6203,2026-07-28 21:53:44.918,2026-07-28 21:53:44.987
car_ID_656,FLUSH,732,car,45,698,119,643,0.6013,2026-07-28 21:53:44.783,2026-07-28 21:53:45.053
car_ID_651,FLUSH,727,car,774,304,806,325,0.3482,2026-07-28 21:53:44.086,2026-07-28 21:53:45.147
car_ID_638,FLUSH,714,car,680,286,866,628,0.5029,2026-07-28 21:53:41.055,2026-07-28 21:53:45.192
car_ID_653,FLUSH,729,car,791,494,917,690,0.6907,2026-07-28 21:53:44.386,2026-07-28 21:53:45.356
bus_ID_118,FLUSH,722,bus,470,342,538,292,0.4944,2026-07-28 21:53:42.519,2026-07-28 21:53:45.356
car_ID_640,FLUSH,717,car,775,311,1259,661,0.6661,2026-07-28 21:53:41.385,2026-07-28 21:53:45.390
car_ID_654,FLUSH,730,car,678,290,684,303,0.3684,2026-07-28 21:53:44.526,2026-07-28 21:53:45.516
truck_ID_301,FLUSH,734,truck,79,679,218,582,0.4718,2026-07-28 21:53:44.860,2026-07-28 21:53:45.516
truck_ID_297,FLUSH,727,truck,766,299,856,355,0.3843,2026-07-28 21:53:43.819,2026-07-28 21:53:45.852
bus_ID_119,FLUSH,734,bus,133,628,249,556,0.3709,2026-07-28 21:53:45.146,2026-07-28 21:53:46.023
car_ID_629,FLUSH,703,car,331,703,597,288,0.6907,2026-07-28 21:53:38.021,2026-07-28 21:53:46.219
truck_ID_287,FLUSH,704,truck,33,671,559,279,0.6630,2026-07-28 21:53:38.089,2026-07-28 21:53:46.347
bus_ID_121,FLUSH,727,bus,828,338,858,357,0.3643,2026-07-28 21:53:45.418,2026-07-28 21:53:46.349
truck_ID_304,FLUSH,726,truck,899,673,902,676,0.3039,2026-07-28 21:53:46.614,2026-07-28 21:53:46.653
bus_ID_126,FLUSH,724,bus,1246,656,1246,656,0.4064,2026-07-28 21:53:46.720,2026-07-28 21:53:46.720
truck_ID_305,FLUSH,741,truck,413,409,431,396,0.6942,2026-07-28 21:53:46.617,2026-07-28 21:53:46.783
bus_ID_120,FLUSH,732,bus,160,611,431,397,0.4236,2026-07-28 21:53:45.284,2026-07-28 21:53:46.781
bus_ID_124,FLUSH,737,bus,558,280,559,279,0.3488,2026-07-28 21:53:46.186,2026-07-28 21:53:46.816
truck_ID_306,FLUSH,744,truck,42,642,47,638,0.3333,2026-07-28 21:53:46.953,2026-07-28 21:53:46.988
car_ID_664,FLUSH,742,car,901,674,901,674,0.4052,2026-07-28 21:53:46.654,2026-07-28 21:53:47.117
car_ID_649,FLUSH,726,car,680,294,908,687,0.6765,2026-07-28 21:53:43.352,2026-07-28 21:53:47.147
car_ID_647,FLUSH,724,car,765,302,1257,664,0.6658,2026-07-28 21:53:42.617,2026-07-28 21:53:47.218
bus_ID_123,FLUSH,704,bus,552,284,561,276,0.3763,2026-07-28 21:53:45.786,2026-07-28 21:53:47.258
car_ID_669,FLUSH,732,car,462,373,467,370,0.4392,2026-07-28 21:53:47.180,2026-07-28 21:53:47.317
bus_ID_125,FLUSH,741,bus,416,408,436,393,0.3232,2026-07-28 21:53:46.654,2026-07-28 21:53:47.317
car_ID_668,FLUSH,746,car,43,643,43,643,0.7414,2026-07-28 21:53:46.990,2026-07-28 21:53:47.455
bus_ID_127,FLUSH,738,bus,980,432,1222,614,0.6002,2026-07-28 21:53:46.888,2026-07-28 21:53:47.747
truck_ID_303,FLUSH,738,truck,913,391,1231,620,0.5116,2026-07-28 21:53:46.453,2026-07-28 21:53:47.781
bus_ID_122,FLUSH,731,bus,831,340,1231,621,0.4154,2026-07-28 21:53:45.489,2026-07-28 21:53:47.780
car_ID_645,FLUSH,721,car,707,285,1177,693,0.6290,2026-07-28 21:53:42.519,2026-07-28 21:53:47.820
truck_ID_300,FLUSH,731,truck,792,315,1245,629,0.4805,2026-07-28 21:53:44.652,2026-07-28 21:53:47.848
car_ID_646,FLUSH,723,car,100,706,533,321,0.6621,2026-07-28 21:53:42.584,2026-07-28 21:53:48.014
car_ID_661,FLUSH,738,car,917,393,1246,629,0.5024,2026-07-28 21:53:46.484,2026-07-28 21:53:48.316
car_ID_655,FLUSH,731,car,789,316,1254,635,0.5063,2026-07-28 21:53:44.616,2026-07-28 21:53:48.350
car_ID_639,FLUSH,716,car,358,706,598,300,0.6194,2026-07-28 21:53:41.384,2026-07-28 21:53:48.553
car_ID_659,FLUSH,735,car,768,302,1017,464,0.5111,2026-07-28 21:53:45.554,2026-07-28 21:53:48.653
car_ID_662,FLUSH,739,car,709,358,914,701,0.6504,2026-07-28 21:53:46.583,2026-07-28 21:53:48.718
car_ID_671,FLUSH,748,car,676,288,683,306,0.3397,2026-07-28 21:53:47.519,2026-07-28 21:53:48.750
truck_ID_302,FLUSH,732,truck,102,660,548,317,0.5534,2026-07-28 21:53:44.954,2026-07-28 21:53:48.913
car_ID_657,FLUSH,733,car,723,296,1170,694,0.5973,2026-07-28 21:53:44.783,2026-07-28 21:53:49.052
car_ID_673,FLUSH,750,car,936,411,1206,602,0.5466,2026-07-28 21:53:48.182,2026-07-28 21:53:49.151
truck_ID_290,FLUSH,710,truck,18,595,516,284,0.7196,2026-07-28 21:53:40.118,2026-07-28 21:53:49.182
truck_ID_307,FLUSH,735,truck,848,353,1050,485,0.4838,2026-07-28 21:53:47.315,2026-07-28 21:53:49.182
bus_ID_128,FLUSH,750,bus,1224,623,1246,639,0.5806,2026-07-28 21:53:49.216,2026-07-28 21:53:49.317
car_ID_675,FLUSH,732,car,555,313,555,313,0.3173,2026-07-28 21:53:48.949,2026-07-28 21:53:49.415
car_ID_676,FLUSH,752,car,1188,577,1232,630,0.4658,2026-07-28 21:53:49.152,2026-07-28 21:53:49.748
truck_ID_308,FLUSH,750,truck,975,437,1258,648,0.4687,2026-07-28 21:53:48.385,2026-07-28 21:53:49.817
car_ID_652,FLUSH,728,car,7,656,459,337,0.6694,2026-07-28 21:53:44.356,2026-07-28 21:53:49.847
car_ID_667,FLUSH,745,car,711,283,812,384,0.3729,2026-07-28 21:53:46.784,2026-07-28 21:53:50.154
car_ID_681,FLUSH,756,car,818,390,818,390,0.3885,2026-07-28 21:53:50.185,2026-07-28 21:53:50.185
car_ID_665,FLUSH,743,car,682,301,936,694,0.6060,2026-07-28 21:53:46.655,2026-07-28 21:53:50.381
truck_ID_309,FLUSH,745,truck,766,338,818,390,0.4164,2026-07-28 21:53:49.317,2026-07-28 21:53:50.650
car_ID_663,FLUSH,740,car,722,304,1149,694,0.6174,2026-07-28 21:53:46.583,2026-07-28 21:53:50.749
car_ID_670,FLUSH,747,car,773,308,1262,662,0.7050,2026-07-28 21:53:47.182,2026-07-28 21:53:51.187
truck_ID_310,FLUSH,756,truck,802,373,1143,647,0.7254,2026-07-28 21:53:49.982,2026-07-28 21:53:51.516
car_ID_674,FLUSH,751,car,692,323,902,701,0.5973,2026-07-28 21:53:48.852,2026-07-28 21:53:51.815
truck_ID_311,FLUSH,759,truck,1110,631,1110,631,0.6415,2026-07-28 21:53:51.452,2026-07-28 21:53:51.918
truck_ID_312,FLUSH,765,truck,379,669,379,669,0.3039,2026-07-28 21:53:51.917,2026-07-28 21:53:51.917
car_ID_683,FLUSH,756,car,1102,630,1163,656,0.3098,2026-07-28 21:53:51.414,2026-07-28 21:53:52.015
car_ID_666,FLUSH,744,car,11,661,471,330,0.6731,2026-07-28 21:53:46.784,2026-07-28 21:53:52.383
car_ID_680,FLUSH,757,car,704,337,916,703,0.6349,2026-07-28 21:53:50.155,2026-07-28 21:53:52.613
truck_ID_313,FLUSH,767,truck,18,656,18,656,0.4812,2026-07-28 21:53:52.717,2026-07-28 21:53:52.717
car_ID_660,FLUSH,736,car,370,701,589,304,0.6208,2026-07-28 21:53:45.952,2026-07-28 21:53:52.819
car_ID_679,FLUSH,755,car,757,328,1188,695,0.7515,2026-07-28 21:53:49.817,2026-07-28 21:53:53.013
truck_ID_314,FLUSH,768,truck,13,663,13,663,0.3101,2026-07-28 21:53:52.747,2026-07-28 21:53:53.214
car_ID_690,FLUSH,766,car,453,516,479,461,0.3614,2026-07-28 21:53:52.581,2026-07-28 21:53:53.450
car_ID_672,FLUSH,749,car,344,698,575,320,0.6544,2026-07-28 21:53:47.951,2026-07-28 21:53:53.648
car_ID_682,FLUSH,758,car,696,321,949,691,0.6562,2026-07-28 21:53:51.315,2026-07-28 21:53:54.147
car_ID_684,FLUSH,760,car,803,329,1268,680,0.6877,2026-07-28 21:53:51.516,2026-07-28 21:53:54.517
car_ID_697,FLUSH,775,car,84,693,107,680,0.6519,2026-07-28 21:53:54.754,2026-07-28 21:53:54.784
truck_ID_317,FLUSH,764,truck,901,450,989,517,0.3868,2026-07-28 21:53:54.682,2026-07-28 21:53:55.013
truck_ID_316,FLUSH,774,truck,895,445,1018,538,0.3946,2026-07-28 21:53:54.655,2026-07-28 21:53:55.117
car_ID_685,FLUSH,761,car,737,319,1169,695,0.6728,2026-07-28 21:53:51.548,2026-07-28 21:53:55.317
car_ID_677,FLUSH,753,car,93,700,554,295,0.5969,2026-07-28 21:53:49.153,2026-07-28 21:53:55.351
car_ID_686,FLUSH,762,car,775,308,1261,658,0.7166,2026-07-28 21:53:51.548,2026-07-28 21:53:55.351
truck_ID_318,FLUSH,775,truck,119,675,179,637,0.3324,2026-07-28 21:53:54.814,2026-07-28 21:53:55.448
car_ID_688,FLUSH,764,car,723,298,1018,538,0.5270,2026-07-28 21:53:51.717,2026-07-28 21:53:55.580
car_ID_696,FLUSH,774,car,902,449,1219,679,0.6905,2026-07-28 21:53:54.685,2026-07-28 21:53:56.019
truck_ID_320,FLUSH,781,truck,49,623,54,616,0.3695,2026-07-28 21:53:56.282,2026-07-28 21:53:56.316
car_ID_692,FLUSH,769,car,697,327,937,703,0.6050,2026-07-28 21:53:53.515,2026-07-28 21:53:56.351
car_ID_678,FLUSH,754,car,353,703,590,300,0.6426,2026-07-28 21:53:49.183,2026-07-28 21:53:56.717
car_ID_703,FLUSH,782,car,49,621,49,621,0.3885,2026-07-28 21:53:56.317,2026-07-28 21:53:56.784
car_ID_689,FLUSH,765,car,333,700,576,321,0.5720,2026-07-28 21:53:51.788,2026-07-28 21:53:57.254
bus_ID_129,FLUSH,773,bus,785,308,915,390,0.5901,2026-07-28 21:53:55.614,2026-07-28 21:53:57.383
bus_ID_130,FLUSH,780,bus,795,316,927,398,0.5943,2026-07-28 21:53:55.920,2026-07-28 21:53:57.483
car_ID_693,FLUSH,770,car,729,301,1191,691,0.6870,2026-07-28 21:53:53.948,2026-07-28 21:53:57.857
car_ID_695,FLUSH,772,car,685,304,917,695,0.6955,2026-07-28 21:53:54.181,2026-07-28 21:53:57.857
truck_ID_315,FLUSH,773,truck,747,283,927,397,0.4804,2026-07-28 21:53:54.248,2026-07-28 21:53:57.948
car_ID_687,FLUSH,763,car,103,701,552,298,0.6221,2026-07-28 21:53:51.717,2026-07-28 21:53:58.050
car_ID_709,FLUSH,788,car,584,311,589,304,0.3438,2026-07-28 21:53:57.417,2026-07-28 21:53:58.448
truck_ID_319,FLUSH,780,truck,785,308,1230,610,0.6156,2026-07-28 21:53:55.648,2026-07-28 21:53:59.050
car_ID_700,FLUSH,778,car,687,302,951,683,0.6774,2026-07-28 21:53:55.384,2026-07-28 21:53:59.251
car_ID_698,FLUSH,776,car,706,286,1123,674,0.5464,2026-07-28 21:53:54.814,2026-07-28 21:53:59.648
truck_ID_322,FLUSH,792,truck,868,441,868,441,0.3636,2026-07-28 21:53:59.814,2026-07-28 21:53:59.814
car_ID_712,FLUSH,792,car,883,453,883,453,0.5739,2026-07-28 21:53:59.849,2026-07-28 21:54:00.318
truck_ID_321,FLUSH,783,truck,884,453,1105,643,0.4769,2026-07-28 21:53:59.813,2026-07-28 21:54:00.480
car_ID_691,FLUSH,767,car,7,671,502,303,0.6066,2026-07-28 21:53:52.651,2026-07-28 21:54:00.580
car_ID_706,FLUSH,785,car,687,303,942,698,0.7060,2026-07-28 21:53:56.815,2026-07-28 21:54:00.818
car_ID_694,FLUSH,771,car,381,700,596,298,0.6185,2026-07-28 21:53:54.048,2026-07-28 21:54:00.951
car_ID_699,FLUSH,777,car,128,671,552,297,0.6468,2026-07-28 21:53:54.847,2026-07-28 21:54:00.984
car_ID_704,FLUSH,783,car,705,284,1187,686,0.5788,2026-07-28 21:53:56.416,2026-07-28 21:54:01.114
car_ID_707,FLUSH,786,car,675,288,895,697,0.6178,2026-07-28 21:53:57.114,2026-07-28 21:54:01.815
car_ID_717,FLUSH,797,car,707,275,708,276,0.3072,2026-07-28 21:54:01.450,2026-07-28 21:54:02.014
truck_ID_324,FLUSH,798,truck,215,567,215,567,0.4052,2026-07-28 21:54:02.518,2026-07-28 21:54:02.518
car_ID_702,FLUSH,781,car,9,659,495,312,0.6470,2026-07-28 21:53:56.019,2026-07-28 21:54:02.714
car_ID_720,FLUSH,800,car,715,281,715,283,0.3380,2026-07-28 21:54:02.181,2026-07-28 21:54:02.714
car_ID_710,FLUSH,789,car,761,305,1237,652,0.7168,2026-07-28 21:53:59.581,2026-07-28 21:54:02.814
truck_ID_323,FLUSH,794,truck,796,370,925,497,0.4684,2026-07-28 21:54:02.180,2026-07-28 21:54:02.944
truck_ID_325,FLUSH,799,truck,416,630,458,550,0.3677,2026-07-28 21:54:02.518,2026-07-28 21:54:02.980
car_ID_705,FLUSH,784,car,96,710,558,295,0.6504,2026-07-28 21:53:56.554,2026-07-28 21:54:03.147
truck_ID_326,FLUSH,802,truck,444,578,468,529,0.3375,2026-07-28 21:54:02.814,2026-07-28 21:54:03.147
truck_ID_327,FLUSH,801,truck,914,486,1029,598,0.5326,2026-07-28 21:54:02.913,2026-07-28 21:54:03.180
car_ID_701,FLUSH,779,car,346,702,599,288,0.6277,2026-07-28 21:53:55.448,2026-07-28 21:54:03.216
car_ID_708,FLUSH,787,car,12,684,478,326,0.6360,2026-07-28 21:53:57.216,2026-07-28 21:54:03.314
truck_ID_329,FLUSH,796,truck,790,519,790,519,0.3208,2026-07-28 21:54:03.584,2026-07-28 21:54:03.584
car_ID_719,FLUSH,799,car,367,699,469,529,0.7546,2026-07-28 21:54:02.014,2026-07-28 21:54:03.614
car_ID_714,FLUSH,794,car,710,288,1026,596,0.5026,2026-07-28 21:54:00.181,2026-07-28 21:54:03.651
car_ID_721,FLUSH,801,car,873,450,1188,697,0.4630,2026-07-28 21:54:02.814,2026-07-28 21:54:03.917
truck_ID_328,FLUSH,795,truck,900,396,1219,641,0.4940,2026-07-28 21:54:03.123,2026-07-28 21:54:04.245
truck_ID_330,FLUSH,804,truck,1009,470,1240,652,0.4558,2026-07-28 21:54:03.682,2026-07-28 21:54:04.314
car_ID_716,FLUSH,796,car,674,290,903,701,0.5977,2026-07-28 21:54:00.714,2026-07-28 21:54:04.514
car_ID_715,FLUSH,795,car,746,289,1227,646,0.4986,2026-07-28 21:54:00.218,2026-07-28 21:54:04.750
car_ID_724,FLUSH,804,car,962,438,1252,662,0.5121,2026-07-28 21:54:03.547,2026-07-28 21:54:04.814
car_ID_730,FLUSH,810,car,776,334,778,334,0.3181,2026-07-28 21:54:04.615,2026-07-28 21:54:05.115
car_ID_711,FLUSH,791,car,10,659,471,328,0.6734,2026-07-28 21:53:59.784,2026-07-28 21:54:05.550
truck_ID_333,FLUSH,815,truck,911,469,940,495,0.4064,2026-07-28 21:54:05.747,2026-07-28 21:54:05.848
truck_ID_334,FLUSH,803,truck,936,492,971,524,0.4677,2026-07-28 21:54:05.815,2026-07-28 21:54:06.084
car_ID_731,FLUSH,811,car,793,347,945,487,0.4277,2026-07-28 21:54:04.918,2026-07-28 21:54:06.513
car_ID_728,FLUSH,808,car,401,635,537,385,0.6217,2026-07-28 21:54:04.246,2026-07-28 21:54:06.713
truck_ID_331,FLUSH,806,truck,373,661,532,397,0.3796,2026-07-28 21:54:04.082,2026-07-28 21:54:06.714
car_ID_723,FLUSH,803,car,725,292,1146,649,0.5822,2026-07-28 21:54:02.851,2026-07-28 21:54:06.948
car_ID_735,FLUSH,815,car,937,492,1184,666,0.7029,2026-07-28 21:54:05.816,2026-07-28 21:54:07.013
car_ID_713,FLUSH,793,car,386,703,596,298,0.6351,2026-07-28 21:54:00.181,2026-07-28 21:54:07.117
car_ID_718,FLUSH,798,car,77,685,486,327,0.6134,2026-07-28 21:54:01.949,2026-07-28 21:54:07.183
truck_ID_332,FLUSH,808,truck,429,580,539,381,0.4001,2026-07-28 21:54:04.482,2026-07-28 21:54:07.319
car_ID_737,FLUSH,817,car,599,291,600,290,0.3388,2026-07-28 21:54:07.319,2026-07-28 21:54:07.949
car_ID_722,FLUSH,802,car,446,571,579,315,0.5992,2026-07-28 21:54:02.851,2026-07-28 21:54:08.647
car_ID_740,FLUSH,820,car,697,262,698,263,0.3355,2026-07-28 21:54:08.051,2026-07-28 21:54:08.647
car_ID_729,FLUSH,809,car,743,290,1261,672,0.6537,2026-07-28 21:54:04.615,2026-07-28 21:54:08.851
truck_ID_337,FLUSH,825,truck,41,654,66,630,0.3864,2026-07-28 21:54:09.250,2026-07-28 21:54:09.382
car_ID_741,FLUSH,821,car,585,308,588,303,0.4065,2026-07-28 21:54:08.783,2026-07-28 21:54:09.614
car_ID_744,FLUSH,824,car,706,270,706,270,0.3315,2026-07-28 21:54:09.249,2026-07-28 21:54:09.647
truck_ID_335,FLUSH,823,truck,31,661,39,633,0.4699,2026-07-28 21:54:09.180,2026-07-28 21:54:09.787
bus_ID_131,FLUSH,823,bus,69,612,77,606,0.4596,2026-07-28 21:54:09.814,2026-07-28 21:54:09.914
car_ID_732,FLUSH,812,car,675,282,950,697,0.6089,2026-07-28 21:54:05.347,2026-07-28 21:54:10.117
car_ID_725,FLUSH,805,car,14,674,499,310,0.6097,2026-07-28 21:54:03.614,2026-07-28 21:54:10.249
bus_ID_132,FLUSH,827,bus,83,601,137,522,0.6580,2026-07-28 21:54:09.913,2026-07-28 21:54:10.319
bus_ID_133,FLUSH,828,bus,97,576,145,515,0.5862,2026-07-28 21:54:10.050,2026-07-28 21:54:10.354
car_ID_733,FLUSH,813,car,706,282,1165,689,0.6573,2026-07-28 21:54:05.650,2026-07-28 21:54:10.449
car_ID_747,FLUSH,829,car,27,677,65,651,0.3456,2026-07-28 21:54:10.550,2026-07-28 21:54:10.648
truck_ID_338,FLUSH,827,truck,40,633,145,515,0.5643,2026-07-28 21:54:09.648,2026-07-28 21:54:10.814
car_ID_727,FLUSH,807,car,100,707,554,298,0.6201,2026-07-28 21:54:03.917,2026-07-28 21:54:11.016
car_ID_726,FLUSH,806,car,341,699,588,297,0.5732,2026-07-28 21:54:03.815,2026-07-28 21:54:11.516
car_ID_745,FLUSH,825,car,54,647,365,410,0.6530,2026-07-28 21:54:09.319,2026-07-28 21:54:11.585
car_ID_739,FLUSH,819,car,676,283,908,705,0.5879,2026-07-28 21:54:07.382,2026-07-28 21:54:12.117
truck_ID_339,FLUSH,828,truck,93,583,378,372,0.6068,2026-07-28 21:54:10.015,2026-07-28 21:54:12.447
car_ID_750,FLUSH,833,car,737,285,737,285,0.3279,2026-07-28 21:54:12.049,2026-07-28 21:54:12.518
car_ID_749,FLUSH,832,car,597,289,598,286,0.3321,2026-07-28 21:54:11.649,2026-07-28 21:54:12.647
car_ID_734,FLUSH,814,car,366,697,588,308,0.6383,2026-07-28 21:54:05.746,2026-07-28 21:54:12.782
bus_ID_137,FLUSH,834,bus,765,324,816,368,0.5239,2026-07-28 21:54:12.049,2026-07-28 21:54:12.850
bus_ID_136,FLUSH,824,bus,759,319,826,376,0.6226,2026-07-28 21:54:11.913,2026-07-28 21:54:12.948
bus_ID_134,FLUSH,830,bus,149,581,378,411,0.5229,2026-07-28 21:54:11.148,2026-07-28 21:54:13.079
bus_ID_135,FLUSH,829,bus,158,574,386,405,0.5784,2026-07-28 21:54:11.214,2026-07-28 21:54:13.148
truck_ID_342,FLUSH,834,truck,767,325,826,375,0.5575,2026-07-28 21:54:12.082,2026-07-28 21:54:13.414
car_ID_754,FLUSH,838,car,355,704,409,647,0.4825,2026-07-28 21:54:13.182,2026-07-28 21:54:13.549
car_ID_746,FLUSH,826,car,681,286,1146,686,0.6430,2026-07-28 21:54:09.383,2026-07-28 21:54:13.614
truck_ID_341,FLUSH,830,truck,65,650,386,405,0.5937,2026-07-28 21:54:10.649,2026-07-28 21:54:13.614
truck_ID_345,FLUSH,841,truck,46,642,46,642,0.3208,2026-07-28 21:54:13.950,2026-07-28 21:54:13.950
truck_ID_343,FLUSH,838,truck,392,664,428,614,0.3702,2026-07-28 21:54:13.414,2026-07-28 21:54:14.149
car_ID_743,FLUSH,823,car,11,678,520,337,0.6200,2026-07-28 21:54:09.117,2026-07-28 21:54:14.516
car_ID_738,FLUSH,818,car,88,696,564,285,0.6283,2026-07-28 21:54:07.348,2026-07-28 21:54:14.651
truck_ID_336,FLUSH,824,truck,706,270,1146,608,0.5803,2026-07-28 21:54:09.216,2026-07-28 21:54:14.651
car_ID_756,FLUSH,840,car,416,636,510,454,0.6844,2026-07-28 21:54:13.581,2026-07-28 21:54:14.750
car_ID_736,FLUSH,816,car,333,701,595,297,0.6874,2026-07-28 21:54:07.183,2026-07-28 21:54:14.915
truck_ID_348,FLUSH,844,truck,187,648,199,641,0.3001,2026-07-28 21:54:14.915,2026-07-28 21:54:14.949
truck_ID_344,FLUSH,840,truck,404,653,511,451,0.3780,2026-07-28 21:54:13.550,2026-07-28 21:54:15.248
truck_ID_347,FLUSH,843,truck,499,474,532,411,0.3330,2026-07-28 21:54:14.549,2026-07-28 21:54:15.382
car_ID_761,FLUSH,846,car,191,647,191,647,0.6228,2026-07-28 21:54:14.949,2026-07-28 21:54:15.413
truck_ID_349,FLUSH,837,truck,1173,587,1173,587,0.4389,2026-07-28 21:54:15.544,2026-07-28 21:54:15.544
truck_ID_340,FLUSH,829,truck,50,662,509,313,0.7048,2026-07-28 21:54:10.580,2026-07-28 21:54:15.716
truck_ID_350,FLUSH,835,truck,825,521,825,521,0.4502,2026-07-28 21:54:16.115,2026-07-28 21:54:16.115
car_ID_753,FLUSH,837,car,787,320,1250,668,0.7420,2026-07-28 21:54:13.182,2026-07-28 21:54:16.214
bus_ID_138,FLUSH,829,bus,466,345,511,313,0.5187,2026-07-28 21:54:14.414,2026-07-28 21:54:16.251
bus_ID_139,FLUSH,842,bus,475,340,529,300,0.5212,2026-07-28 21:54:14.613,2026-07-28 21:54:16.549
car_ID_742,FLUSH,822,car,346,704,589,301,0.6801,2026-07-28 21:54:08.851,2026-07-28 21:54:16.580
truck_ID_351,FLUSH,839,truck,938,509,938,509,0.3351,2026-07-28 21:54:16.715,2026-07-28 21:54:16.715
car_ID_752,FLUSH,836,car,758,298,1271,665,0.7090,2026-07-28 21:54:12.948,2026-07-28 21:54:16.847
car_ID_748,FLUSH,831,car,385,702,576,341,0.6956,2026-07-28 21:54:11.552,2026-07-28 21:54:16.914
car_ID_751,FLUSH,835,car,682,283,958,693,0.6590,2026-07-28 21:54:12.851,2026-07-28 21:54:16.985
car_ID_760,FLUSH,845,car,685,306,851,628,0.5773,2026-07-28 21:54:14.719,2026-07-28 21:54:17.086
truck_ID_352,FLUSH,855,truck,841,611,852,630,0.3358,2026-07-28 21:54:17.051,2026-07-28 21:54:17.087
car_ID_771,FLUSH,856,car,324,614,337,596,0.3315,2026-07-28 21:54:17.150,2026-07-28 21:54:17.182
car_ID_768,FLUSH,853,car,275,677,275,677,0.4206,2026-07-28 21:54:16.947,2026-07-28 21:54:17.415
truck_ID_353,FLUSH,845,truck,864,644,864,644,0.3001,2026-07-28 21:54:17.112,2026-07-28 21:54:17.583
car_ID_755,FLUSH,839,car,708,283,1163,691,0.6463,2026-07-28 21:54:13.324,2026-07-28 21:54:17.647
car_ID_770,FLUSH,855,car,865,645,890,672,0.7283,2026-07-28 21:54:17.113,2026-07-28 21:54:17.647
car_ID_767,FLUSH,852,car,596,293,599,290,0.3648,2026-07-28 21:54:16.781,2026-07-28 21:54:17.814
truck_ID_354,FLUSH,858,truck,547,286,548,285,0.3358,2026-07-28 21:54:17.782,2026-07-28 21:54:17.915
person_ID_3,FLUSH,859,person,385,515,385,515,0.3707,2026-07-28 21:54:17.513,2026-07-28 21:54:17.982
car_ID_772,FLUSH,857,car,676,280,678,288,0.3406,2026-07-28 21:54:17.182,2026-07-28 21:54:18.015
motorcycle_ID_4,FLUSH,856,motorcycle,345,590,408,496,0.4398,2026-07-28 21:54:17.214,2026-07-28 21:54:18.148
car_ID_757,FLUSH,841,car,7,674,462,333,0.6897,2026-07-28 21:54:13.783,2026-07-28 21:54:18.319
truck_ID_346,FLUSH,842,truck,466,345,551,283,0.4237,2026-07-28 21:54:14.449,2026-07-28 21:54:18.381
person_ID_4,FLUSH,863,person,218,687,218,687,0.4955,2026-07-28 21:54:18.381,2026-07-28 21:54:18.381
bus_ID_140,FLUSH,858,bus,542,290,549,285,0.3334,2026-07-28 21:54:17.449,2026-07-28 21:54:18.414
person_ID_5,FLUSH,864,person,247,669,283,630,0.5525,2026-07-28 21:54:18.451,2026-07-28 21:54:18.581
car_ID_763,FLUSH,848,car,788,318,1258,657,0.7291,2026-07-28 21:54:15.815,2026-07-28 21:54:18.914
motorcycle_ID_5,FLUSH,863,motorcycle,239,700,265,682,0.3737,2026-07-28 21:54:18.414,2026-07-28 21:54:18.985
car_ID_762,FLUSH,847,car,689,301,905,661,0.6650,2026-07-28 21:54:15.783,2026-07-28 21:54:19.014
car_ID_778,FLUSH,867,car,487,391,487,391,0.3101,2026-07-28 21:54:18.649,2026-07-28 21:54:19.116
motorcycle_ID_6,FLUSH,864,motorcycle,302,634,304,636,0.4527,2026-07-28 21:54:18.614,2026-07-28 21:54:19.116
bus_ID_141,FLUSH,842,bus,547,286,559,278,0.3476,2026-07-28 21:54:17.780,2026-07-28 21:54:19.149
truck_ID_356,FLUSH,869,truck,36,661,49,649,0.4250,2026-07-28 21:54:19.315,2026-07-28 21:54:19.387
truck_ID_357,FLUSH,871,truck,85,594,85,594,0.4389,2026-07-28 21:54:19.647,2026-07-28 21:54:20.119
car_ID_758,FLUSH,843,car,494,481,588,306,0.5447,2026-07-28 21:54:14.516,2026-07-28 21:54:20.215
car_ID_769,FLUSH,854,car,722,304,1164,703,0.6008,2026-07-28 21:54:16.947,2026-07-28 21:54:20.215
person_ID_6,FLUSH,873,person,458,433,462,430,0.4338,2026-07-28 21:54:19.815,2026-07-28 21:54:20.348
car_ID_766,FLUSH,851,car,764,303,1255,654,0.6713,2026-07-28 21:54:16.751,2026-07-28 21:54:20.381
car_ID_759,FLUSH,844,car,95,700,530,319,0.6159,2026-07-28 21:54:14.581,2026-07-28 21:54:20.448
person_ID_7,FLUSH,877,person,149,684,198,656,0.6072,2026-07-28 21:54:20.849,2026-07-28 21:54:20.950
person_ID_8,FLUSH,878,person,180,698,208,640,0.4518,2026-07-28 21:54:20.849,2026-07-28 21:54:20.980
person_ID_9,FLUSH,879,person,232,618,266,584,0.5801,2026-07-28 21:54:21.048,2026-07-28 21:54:21.146
car_ID_777,FLUSH,866,car,696,320,921,688,0.6990,2026-07-28 21:54:18.648,2026-07-28 21:54:21.254
motorcycle_ID_10,FLUSH,882,motorcycle,313,537,313,537,0.3173,2026-07-28 21:54:21.352,2026-07-28 21:54:21.352
bus_ID_143,FLUSH,875,bus,804,316,886,357,0.3982,2026-07-28 21:54:20.616,2026-07-28 21:54:21.418
bus_ID_144,FLUSH,884,bus,817,388,817,388,0.3636,2026-07-28 21:54:21.450,2026-07-28 21:54:21.450
motorcycle_ID_7,FLUSH,877,motorcycle,181,680,219,655,0.4022,2026-07-28 21:54:20.916,2026-07-28 21:54:21.518
car_ID_782,FLUSH,874,car,596,297,599,292,0.3776,2026-07-28 21:54:20.553,2026-07-28 21:54:21.591
motorcycle_ID_8,FLUSH,878,motorcycle,194,660,259,615,0.4770,2026-07-28 21:54:20.950,2026-07-28 21:54:21.615
truck_ID_360,FLUSH,884,truck,820,392,820,392,0.3850,2026-07-28 21:54:21.485,2026-07-28 21:54:21.954
car_ID_780,FLUSH,870,car,696,318,941,704,0.5929,2026-07-28 21:54:19.350,2026-07-28 21:54:22.049
bus_ID_142,FLUSH,868,bus,807,317,906,369,0.5082,2026-07-28 21:54:20.615,2026-07-28 21:54:22.049
car_ID_784,FLUSH,880,car,545,303,554,294,0.3767,2026-07-28 21:54:21.146,2026-07-28 21:54:22.215
truck_ID_358,FLUSH,872,truck,746,318,1147,646,0.5427,2026-07-28 21:54:20.317,2026-07-28 21:54:22.513
motorcycle_ID_9,FLUSH,879,motorcycle,276,589,423,439,0.4743,2026-07-28 21:54:21.182,2026-07-28 21:54:22.646
car_ID_787,FLUSH,886,car,964,405,964,405,0.3101,2026-07-28 21:54:22.246,2026-07-28 21:54:22.717
truck_ID_359,FLUSH,875,truck,806,317,1086,464,0.5416,2026-07-28 21:54:20.652,2026-07-28 21:54:22.814
truck_ID_361,FLUSH,885,truck,832,333,936,393,0.4501,2026-07-28 21:54:21.518,2026-07-28 21:54:22.850
truck_ID_363,FLUSH,887,truck,826,559,826,559,0.3001,2026-07-28 21:54:22.915,2026-07-28 21:54:22.915
car_ID_785,FLUSH,881,car,696,326,825,558,0.6716,2026-07-28 21:54:21.187,2026-07-28 21:54:22.948
car_ID_781,FLUSH,872,car,726,300,1165,658,0.4177,2026-07-28 21:54:19.715,2026-07-28 21:54:23.015
person_ID_10,FLUSH,882,person,299,552,452,396,0.3915,2026-07-28 21:54:21.324,2026-07-28 21:54:23.015
truck_ID_364,FLUSH,888,truck,40,667,53,656,0.4877,2026-07-28 21:54:23.082,2026-07-28 21:54:23.156
car_ID_791,FLUSH,890,car,103,703,103,703,0.4991,2026-07-28 21:54:23.380,2026-07-28 21:54:23.380
truck_ID_362,FLUSH,881,truck,787,491,874,642,0.3825,2026-07-28 21:54:22.716,2026-07-28 21:54:23.549
car_ID_788,FLUSH,887,car,790,493,898,671,0.5428,2026-07-28 21:54:22.750,2026-07-28 21:54:23.616
car_ID_764,FLUSH,849,car,329,703,583,301,0.5742,2026-07-28 21:54:16.183,2026-07-28 21:54:23.751
truck_ID_355,FLUSH,868,truck,745,281,1237,597,0.5075,2026-07-28 21:54:18.915,2026-07-28 21:54:23.815
truck_ID_365,FLUSH,890,truck,119,688,122,686,0.3602,2026-07-28 21:54:23.415,2026-07-28 21:54:23.921
car_ID_773,FLUSH,860,car,354,708,577,316,0.6620,2026-07-28 21:54:17.552,2026-07-28 21:54:24.183
car_ID_765,FLUSH,850,car,126,698,560,297,0.5508,2026-07-28 21:54:16.614,2026-07-28 21:54:24.214
car_ID_775,FLUSH,862,car,8,675,498,308,0.6752,2026-07-28 21:54:17.916,2026-07-28 21:54:24.550
truck_ID_366,FLUSH,891,truck,349,497,409,439,0.3958,2026-07-28 21:54:24.282,2026-07-28 21:54:24.752
truck_ID_367,FLUSH,896,truck,37,639,37,639,0.3458,2026-07-28 21:54:24.649,2026-07-28 21:54:25.116
car_ID_786,FLUSH,883,car,768,303,1257,645,0.7155,2026-07-28 21:54:21.324,2026-07-28 21:54:25.183
car_ID_774,FLUSH,861,car,111,696,556,298,0.6824,2026-07-28 21:54:17.785,2026-07-28 21:54:25.514
car_ID_783,FLUSH,876,car,16,670,479,322,0.6458,2026-07-28 21:54:20.814,2026-07-28 21:54:26.216
truck_ID_368,FLUSH,901,truck,44,662,44,662,0.4164,2026-07-28 21:54:26.747,2026-07-28 21:54:26.747
car_ID_779,FLUSH,869,car,5,687,524,293,0.5938,2026-07-28 21:54:19.182,2026-07-28 21:54:26.916
car_ID_790,FLUSH,889,car,753,299,1275,670,0.6869,2026-07-28 21:54:23.114,2026-07-28 21:54:27.116
car_ID_776,FLUSH,865,car,387,705,600,290,0.6154,2026-07-28 21:54:18.581,2026-07-28 21:54:27.317
car_ID_793,FLUSH,892,car,701,283,1138,682,0.7082,2026-07-28 21:54:23.616,2026-07-28 21:54:27.750
car_ID_802,FLUSH,902,car,713,352,713,352,0.5703,2026-07-28 21:54:27.651,2026-07-28 21:54:28.114
car_ID_796,FLUSH,895,car,680,281,946,690,0.6262,2026-07-28 21:54:24.614,2026-07-28 21:54:28.414
car_ID_789,FLUSH,888,car,20,684,483,320,0.6541,2026-07-28 21:54:22.981,2026-07-28 21:54:28.617
car_ID_794,FLUSH,893,car,741,289,1262,673,0.6818,2026-07-28 21:54:24.014,2026-07-28 21:54:28.617
car_ID_792,FLUSH,891,car,121,685,552,298,0.6163,2026-07-28 21:54:23.450,2026-07-28 21:54:28.951
truck_ID_371,FLUSH,908,truck,28,656,28,656,0.3493,2026-07-28 21:54:28.951,2026-07-28 21:54:28.951
truck_ID_372,FLUSH,905,truck,474,513,474,513,0.3850,2026-07-28 21:54:29.013,2026-07-28 21:54:29.013
bus_ID_145,FLUSH,907,bus,844,573,918,666,0.4555,2026-07-28 21:54:28.815,2026-07-28 21:54:29.049
car_ID_797,FLUSH,897,car,673,275,885,632,0.5480,2026-07-28 21:54:25.246,2026-07-28 21:54:29.084
truck_ID_370,FLUSH,907,truck,778,465,936,678,0.4191,2026-07-28 21:54:28.515,2026-07-28 21:54:29.083
car_ID_810,FLUSH,911,car,31,681,59,666,0.4023,2026-07-28 21:54:29.050,2026-07-28 21:54:29.117
truck_ID_373,FLUSH,910,truck,467,527,472,515,0.3870,2026-07-28 21:54:29.014,2026-07-28 21:54:29.514
car_ID_807,FLUSH,907,car,760,434,950,695,0.5579,2026-07-28 21:54:28.381,2026-07-28 21:54:29.582
car_ID_812,FLUSH,913,car,53,653,76,636,0.4389,2026-07-28 21:54:29.448,2026-07-28 21:54:29.581
truck_ID_369,FLUSH,897,truck,713,351,947,694,0.3360,2026-07-28 21:54:27.614,2026-07-28 21:54:29.582
car_ID_808,FLUSH,908,car,13,670,85,571,0.4225,2026-07-28 21:54:28.917,2026-07-28 21:54:29.715
car_ID_795,FLUSH,894,car,9,666,473,324,0.6756,2026-07-28 21:54:24.515,2026-07-28 21:54:29.854
bus_ID_147,FLUSH,911,bus,323,472,323,472,0.4277,2026-07-28 21:54:30.345,2026-07-28 21:54:30.345
car_ID_799,FLUSH,899,car,710,282,1199,699,0.6163,2026-07-28 21:54:26.152,2026-07-28 21:54:30.951
car_ID_803,FLUSH,903,car,679,288,960,696,0.5377,2026-07-28 21:54:27.814,2026-07-28 21:54:31.587
car_ID_801,FLUSH,901,car,18,682,502,315,0.5938,2026-07-28 21:54:26.648,2026-07-28 21:54:31.617
truck_ID_374,FLUSH,911,truck,68,659,404,404,0.5542,2026-07-28 21:54:29.148,2026-07-28 21:54:31.617
car_ID_806,FLUSH,906,car,722,298,1189,698,0.6389,2026-07-28 21:54:28.317,2026-07-28 21:54:32.117
car_ID_798,FLUSH,898,car,114,695,557,297,0.6171,2026-07-28 21:54:25.785,2026-07-28 21:54:32.181
car_ID_804,FLUSH,904,car,756,297,1261,662,0.6801,2026-07-28 21:54:28.181,2026-07-28 21:54:32.314
car_ID_800,FLUSH,900,car,371,706,598,294,0.5990,2026-07-28 21:54:26.317,2026-07-28 21:54:32.380
car_ID_816,FLUSH,918,car,525,301,533,296,0.3370,2026-07-28 21:54:32.047,2026-07-28 21:54:32.948
car_ID_809,FLUSH,909,car,711,289,1171,696,0.6085,2026-07-28 21:54:28.983,2026-07-28 21:54:33.314
car_ID_811,FLUSH,912,car,678,286,932,694,0.5881,2026-07-28 21:54:29.415,2026-07-28 21:54:33.384
car_ID_813,FLUSH,914,car,757,297,1258,661,0.6502,2026-07-28 21:54:29.917,2026-07-28 21:54:33.748
truck_ID_375,FLUSH,913,truck,91,624,502,329,0.5738,2026-07-28 21:54:29.613,2026-07-28 21:54:33.881
bus_ID_148,FLUSH,915,bus,264,518,502,329,0.4130,2026-07-28 21:54:30.814,2026-07-28 21:54:33.880
car_ID_805,FLUSH,905,car,354,699,601,289,0.6039,2026-07-28 21:54:28.248,2026-07-28 21:54:34.813
bus_ID_146,FLUSH,913,bus,104,615,518,315,0.5009,2026-07-28 21:54:29.714,2026-07-28 21:54:34.980
truck_ID_377,FLUSH,917,truck,907,498,956,550,0.3593,2026-07-28 21:54:35.312,2026-07-28 21:54:35.478
car_ID_821,FLUSH,923,car,714,293,716,297,0.3246,2026-07-28 21:54:35.016,2026-07-28 21:54:35.645
car_ID_815,FLUSH,917,car,702,283,1106,677,0.5800,2026-07-28 21:54:31.654,2026-07-28 21:54:36.250
person_ID_11,FLUSH,929,person,202,686,202,686,0.3315,2026-07-28 21:54:37.414,2026-07-28 21:54:37.414
car_ID_827,FLUSH,929,car,211,681,211,681,0.3743,2026-07-28 21:54:37.447,2026-07-28 21:54:37.447
car_ID_819,FLUSH,921,car,678,283,957,696,0.6629,2026-07-28 21:54:33.347,2026-07-28 21:54:37.514
person_ID_12,FLUSH,931,person,274,620,274,620,0.3921,2026-07-28 21:54:37.651,2026-07-28 21:54:37.651
truck_ID_379,FLUSH,925,truck,925,505,925,505,0.3493,2026-07-28 21:54:37.712,2026-07-28 21:54:37.712
truck_ID_376,FLUSH,915,truck,222,555,562,282,0.5459,2026-07-28 21:54:30.649,2026-07-28 21:54:37.745
car_ID_818,FLUSH,920,car,707,276,1203,692,0.6737,2026-07-28 21:54:33.048,2026-07-28 21:54:37.852
motorcycle_ID_11,FLUSH,929,motorcycle,221,683,274,648,0.4702,2026-07-28 21:54:37.483,2026-07-28 21:54:38.116
truck_ID_380,FLUSH,933,truck,735,269,734,270,0.3442,2026-07-28 21:54:38.014,2026-07-28 21:54:38.517
car_ID_823,FLUSH,925,car,732,311,1145,694,0.6468,2026-07-28 21:54:35.781,2026-07-28 21:54:38.616
person_ID_13,FLUSH,932,person,317,566,370,501,0.4389,2026-07-28 21:54:37.852,2026-07-28 21:54:38.617
motorcycle_ID_12,FLUSH,931,motorcycle,281,626,394,500,0.3986,2026-07-28 21:54:37.682,2026-07-28 21:54:38.814
car_ID_830,FLUSH,936,car,24,697,24,697,0.3244,2026-07-28 21:54:38.517,2026-07-28 21:54:38.982
car_ID_814,FLUSH,916,car,385,697,607,281,0.6084,2026-07-28 21:54:31.348,2026-07-28 21:54:39.316
truck_ID_382,FLUSH,938,truck,30,547,136,510,0.4343,2026-07-28 21:54:38.748,2026-07-28 21:54:39.716
truck_ID_381,FLUSH,937,truck,68,612,258,515,0.6867,2026-07-28 21:54:38.617,2026-07-28 21:54:39.784
bus_ID_153,FLUSH,942,bus,231,537,255,516,0.4258,2026-07-28 21:54:39.748,2026-07-28 21:54:39.784
car_ID_817,FLUSH,919,car,100,697,566,288,0.6381,2026-07-28 21:54:32.380,2026-07-28 21:54:40.250
bus_ID_151,FLUSH,937,bus,176,571,269,504,0.4740,2026-07-28 21:54:39.384,2026-07-28 21:54:40.316
bus_ID_152,FLUSH,938,bus,159,515,150,483,0.3746,2026-07-28 21:54:39.515,2026-07-28 21:54:40.348
car_ID_820,FLUSH,922,car,374,701,600,291,0.6671,2026-07-28 21:54:33.985,2026-07-28 21:54:40.615
car_ID_825,FLUSH,927,car,680,283,937,675,0.5633,2026-07-28 21:54:36.817,2026-07-28 21:54:40.648
truck_ID_386,FLUSH,944,truck,349,679,349,679,0.3452,2026-07-28 21:54:40.948,2026-07-28 21:54:40.948
car_ID_829,FLUSH,935,car,705,282,934,506,0.5853,2026-07-28 21:54:38.050,2026-07-28 21:54:41.148
truck_ID_384,FLUSH,942,truck,266,506,434,377,0.8215,2026-07-28 21:54:39.816,2026-07-28 21:54:41.182
car_ID_828,FLUSH,934,car,685,290,948,686,0.7309,2026-07-28 21:54:38.050,2026-07-28 21:54:41.413
truck_ID_383,FLUSH,939,truck,747,278,864,346,0.5463,2026-07-28 21:54:38.814,2026-07-28 21:54:41.446
bus_ID_149,FLUSH,930,bus,734,269,855,341,0.4031,2026-07-28 21:54:37.981,2026-07-28 21:54:41.446
truck_ID_390,FLUSH,945,truck,1077,635,1114,653,0.5352,2026-07-28 21:54:41.412,2026-07-28 21:54:41.481
truck_ID_387,FLUSH,935,truck,898,473,951,518,0.3903,2026-07-28 21:54:41.015,2026-07-28 21:54:41.652
car_ID_822,FLUSH,924,car,104,705,549,300,0.6850,2026-07-28 21:54:35.116,2026-07-28 21:54:41.752
truck_ID_389,FLUSH,948,truck,127,684,157,669,0.4825,2026-07-28 21:54:41.249,2026-07-28 21:54:41.812
car_ID_836,FLUSH,949,car,1087,642,1087,642,0.4652,2026-07-28 21:54:41.447,2026-07-28 21:54:41.915
bus_ID_150,FLUSH,939,bus,749,280,870,349,0.5209,2026-07-28 21:54:38.915,2026-07-28 21:54:41.984
car_ID_834,FLUSH,945,car,901,476,1187,696,0.6004,2026-07-28 21:54:41.048,2026-07-28 21:54:42.049
bus_ID_154,FLUSH,942,bus,437,375,462,358,0.4074,2026-07-28 21:54:41.214,2026-07-28 21:54:42.151
car_ID_831,FLUSH,940,car,678,289,881,672,0.5854,2026-07-28 21:54:38.915,2026-07-28 21:54:42.380
car_ID_824,FLUSH,926,car,108,682,532,311,0.5891,2026-07-28 21:54:36.817,2026-07-28 21:54:42.517
car_ID_841,FLUSH,954,car,756,298,756,298,0.3101,2026-07-28 21:54:42.249,2026-07-28 21:54:42.715
car_ID_840,FLUSH,953,car,722,296,722,297,0.4491,2026-07-28 21:54:42.249,2026-07-28 21:54:42.747
truck_ID_378,FLUSH,930,truck,729,267,1177,546,0.6114,2026-07-28 21:54:37.614,2026-07-28 21:54:43.584
person_ID_15,FLUSH,959,person,152,515,174,495,0.4765,2026-07-28 21:54:43.416,2026-07-28 21:54:43.583
person_ID_14,FLUSH,960,person,79,553,103,534,0.4087,2026-07-28 21:54:43.214,2026-07-28 21:54:43.750
person_ID_16,FLUSH,961,person,201,480,222,468,0.3881,2026-07-28 21:54:43.650,2026-07-28 21:54:43.749
truck_ID_391,FLUSH,957,truck,1149,545,1227,580,0.4513,2026-07-28 21:54:42.982,2026-07-28 21:54:43.782
bus_ID_155,FLUSH,943,bus,480,296,480,296,0.4206,2026-07-28 21:54:43.814,2026-07-28 21:54:43.851
bus_ID_156,FLUSH,947,bus,531,306,531,306,0.3636,2026-07-28 21:54:43.814,2026-07-28 21:54:43.851
motorcycle_ID_13,FLUSH,959,motorcycle,38,600,222,484,0.4621,2026-07-28 21:54:43.117,2026-07-28 21:54:44.212
truck_ID_392,FLUSH,966,truck,14,669,14,669,0.4206,2026-07-28 21:54:44.351,2026-07-28 21:54:44.351
car_ID_826,FLUSH,928,car,328,707,602,283,0.6512,2026-07-28 21:54:36.951,2026-07-28 21:54:44.415
bus_ID_157,FLUSH,964,bus,483,295,483,295,0.3493,2026-07-28 21:54:43.980,2026-07-28 21:54:44.451
motorcycle_ID_14,FLUSH,961,motorcycle,229,474,270,454,0.3751,2026-07-28 21:54:43.782,2026-07-28 21:54:44.514
person_ID_17,FLUSH,962,person,240,455,271,438,0.3896,2026-07-28 21:54:43.853,2026-07-28 21:54:44.514
car_ID_832,FLUSH,941,car,386,697,593,298,0.6581,2026-07-28 21:54:39.015,2026-07-28 21:54:45.015
car_ID_842,FLUSH,955,car,735,311,1179,696,0.7502,2026-07-28 21:54:42.747,2026-07-28 21:54:45.621
truck_ID_388,FLUSH,947,truck,438,375,555,285,0.5508,2026-07-28 21:54:41.249,2026-07-28 21:54:45.819
car_ID_843,FLUSH,956,car,772,309,1222,657,0.6618,2026-07-28 21:54:42.747,2026-07-28 21:54:45.984
car_ID_835,FLUSH,946,car,103,703,528,327,0.6831,2026-07-28 21:54:41.150,2026-07-28 21:54:46.017
car_ID_833,FLUSH,944,car,327,702,583,314,0.6839,2026-07-28 21:54:40.814,2026-07-28 21:54:46.117
truck_ID_385,FLUSH,943,truck,144,495,521,277,0.5710,2026-07-28 21:54:39.816,2026-07-28 21:54:46.182
car_ID_837,FLUSH,950,car,16,663,489,316,0.6278,2026-07-28 21:54:41.652,2026-07-28 21:54:46.550
car_ID_854,FLUSH,974,car,760,393,782,422,0.5014,2026-07-28 21:54:46.982,2026-07-28 21:54:47.182
car_ID_845,FLUSH,963,car,673,270,801,448,0.4979,2026-07-28 21:54:43.980,2026-07-28 21:54:47.313
truck_ID_393,FLUSH,974,truck,731,355,800,449,0.5316,2026-07-28 21:54:46.650,2026-07-28 21:54:47.782
car_ID_847,FLUSH,966,car,28,657,438,351,0.6581,2026-07-28 21:54:44.384,2026-07-28 21:54:47.914
car_ID_855,FLUSH,975,car,553,305,559,298,0.3492,2026-07-28 21:54:47.016,2026-07-28 21:54:47.985
car_ID_844,FLUSH,958,car,741,285,1267,673,0.6826,2026-07-28 21:54:43.117,2026-07-28 21:54:48.015
car_ID_860,FLUSH,980,car,24,646,36,629,0.6684,2026-07-28 21:54:48.080,2026-07-28 21:54:48.147
car_ID_858,FLUSH,978,car,8,672,59,615,0.5741,2026-07-28 21:54:48.015,2026-07-28 21:54:48.287
truck_ID_394,FLUSH,963,truck,733,358,1002,665,0.5640,2026-07-28 21:54:46.680,2026-07-28 21:54:48.350
car_ID_838,FLUSH,951,car,137,708,545,306,0.6557,2026-07-28 21:54:42.152,2026-07-28 21:54:48.415
truck_ID_395,FLUSH,980,truck,17,665,59,617,0.5560,2026-07-28 21:54:48.050,2026-07-28 21:54:48.748
car_ID_849,FLUSH,968,car,711,285,1164,697,0.5421,2026-07-28 21:54:44.651,2026-07-28 21:54:48.914
car_ID_839,FLUSH,952,car,396,700,603,288,0.5660,2026-07-28 21:54:42.217,2026-07-28 21:54:49.183
car_ID_848,FLUSH,967,car,741,291,1261,674,0.6137,2026-07-28 21:54:44.616,2026-07-28 21:54:49.182
car_ID_853,FLUSH,973,car,677,283,940,695,0.5783,2026-07-28 21:54:46.550,2026-07-28 21:54:50.248
car_ID_852,FLUSH,972,car,712,287,1156,695,0.6347,2026-07-28 21:54:46.415,2026-07-28 21:54:50.414
car_ID_856,FLUSH,976,car,757,298,1236,653,0.6202,2026-07-28 21:54:47.385,2026-07-28 21:54:50.983
truck_ID_397,FLUSH,986,truck,48,635,48,635,0.3208,2026-07-28 21:54:51.114,2026-07-28 21:54:51.114
truck_ID_398,FLUSH,987,truck,42,642,54,625,0.4014,2026-07-28 21:54:51.114,2026-07-28 21:54:51.154
car_ID_869,FLUSH,989,car,428,349,430,348,0.3283,2026-07-28 21:54:51.249,2026-07-28 21:54:51.285
car_ID_846,FLUSH,965,car,127,702,565,290,0.5700,2026-07-28 21:54:44.049,2026-07-28 21:54:51.581
car_ID_861,FLUSH,981,car,746,293,1240,655,0.6295,2026-07-28 21:54:48.249,2026-07-28 21:54:51.578
car_ID_866,FLUSH,986,car,23,655,54,627,0.5132,2026-07-28 21:54:50.983,2026-07-28 21:54:51.616
truck_ID_396,FLUSH,978,truck,65,608,430,349,0.6948,2026-07-28 21:54:48.314,2026-07-28 21:54:51.752
car_ID_868,FLUSH,988,car,79,709,249,573,0.7189,2026-07-28 21:54:51.216,2026-07-28 21:54:51.816
truck_ID_402,FLUSH,990,truck,241,580,249,572,0.3293,2026-07-28 21:54:51.782,2026-07-28 21:54:51.816
truck_ID_400,FLUSH,981,truck,1256,667,1260,670,0.3422,2026-07-28 21:54:51.615,2026-07-28 21:54:52.114
car_ID_850,FLUSH,970,car,119,704,555,298,0.7047,2026-07-28 21:54:45.217,2026-07-28 21:54:52.250
car_ID_871,FLUSH,991,car,722,264,722,264,0.3422,2026-07-28 21:54:51.782,2026-07-28 21:54:52.250
truck_ID_401,FLUSH,988,truck,198,629,252,571,0.3158,2026-07-28 21:54:51.616,2026-07-28 21:54:52.322
truck_ID_399,FLUSH,989,truck,431,348,458,331,0.3729,2026-07-28 21:54:51.316,2026-07-28 21:54:52.415
car_ID_851,FLUSH,971,car,376,703,595,297,0.6142,2026-07-28 21:54:45.791,2026-07-28 21:54:52.551
truck_ID_403,FLUSH,982,truck,957,538,957,538,0.4615,2026-07-28 21:54:52.678,2026-07-28 21:54:52.678
car_ID_857,FLUSH,977,car,353,693,582,310,0.6358,2026-07-28 21:54:47.581,2026-07-28 21:54:53.315
car_ID_862,FLUSH,982,car,714,292,1162,697,0.6689,2026-07-28 21:54:49.980,2026-07-28 21:54:53.517
truck_ID_404,FLUSH,985,truck,1238,650,1238,650,0.3672,2026-07-28 21:54:53.717,2026-07-28 21:54:53.717
car_ID_864,FLUSH,984,car,677,287,944,691,0.6082,2026-07-28 21:54:50.384,2026-07-28 21:54:54.049
car_ID_865,FLUSH,985,car,754,298,1255,669,0.6433,2026-07-28 21:54:50.848,2026-07-28 21:54:54.217
car_ID_877,FLUSH,997,car,1239,649,1239,649,0.4527,2026-07-28 21:54:53.748,2026-07-28 21:54:54.217
car_ID_876,FLUSH,996,car,592,299,593,298,0.3317,2026-07-28 21:54:53.718,2026-07-28 21:54:54.350
car_ID_879,FLUSH,1000,car,512,298,525,291,0.3118,2026-07-28 21:54:53.980,2026-07-28 21:54:55.181
car_ID_874,FLUSH,994,car,677,291,931,702,0.5486,2026-07-28 21:54:51.954,2026-07-28 21:54:55.247
car_ID_872,FLUSH,992,car,738,292,1249,671,0.6406,2026-07-28 21:54:51.816,2026-07-28 21:54:55.313
car_ID_859,FLUSH,979,car,117,694,573,286,0.6015,2026-07-28 21:54:48.050,2026-07-28 21:54:56.182
bus_ID_158,FLUSH,999,bus,801,314,838,334,0.4396,2026-07-28 21:54:55.782,2026-07-28 21:54:56.379
car_ID_867,FLUSH,987,car,60,615,493,315,0.6053,2026-07-28 21:54:51.179,2026-07-28 21:54:56.414
bus_ID_159,FLUSH,1004,bus,808,316,843,336,0.5411,2026-07-28 21:54:55.949,2026-07-28 21:54:56.448
car_ID_875,FLUSH,995,car,732,300,1257,681,0.6859,2026-07-28 21:54:53.446,2026-07-28 21:54:56.785
truck_ID_405,FLUSH,999,truck,748,280,842,335,0.5289,2026-07-28 21:54:53.814,2026-07-28 21:54:56.917
car_ID_863,FLUSH,983,car,378,699,597,298,0.6001,2026-07-28 21:54:50.188,2026-07-28 21:54:57.184
car_ID_888,FLUSH,1011,car,767,304,774,309,0.3520,2026-07-28 21:54:57.351,2026-07-28 21:54:57.984
car_ID_870,FLUSH,990,car,202,624,555,296,0.5873,2026-07-28 21:54:51.650,2026-07-28 21:54:58.314
car_ID_881,FLUSH,1002,car,674,285,846,560,0.5660,2026-07-28 21:54:55.383,2026-07-28 21:54:58.352
truck_ID_409,FLUSH,1013,truck,832,530,832,530,0.4502,2026-07-28 21:54:58.357,2026-07-28 21:54:58.357
car_ID_873,FLUSH,993,car,380,703,593,298,0.6706,2026-07-28 21:54:51.917,2026-07-28 21:54:58.614
truck_ID_408,FLUSH,1012,truck,265,566,324,505,0.3339,2026-07-28 21:54:58.314,2026-07-28 21:54:58.684
truck_ID_410,FLUSH,1002,truck,860,579,860,579,0.3414,2026-07-28 21:54:58.380,2026-07-28 21:54:58.848
car_ID_891,FLUSH,1013,car,862,579,961,689,0.7370,2026-07-28 21:54:58.384,2026-07-28 21:54:59.119
truck_ID_406,FLUSH,1004,truck,815,321,1221,585,0.8471,2026-07-28 21:54:56.015,2026-07-28 21:54:59.118
car_ID_882,FLUSH,1003,car,713,290,1160,688,0.6440,2026-07-28 21:54:55.613,2026-07-28 21:54:59.254
car_ID_892,FLUSH,1016,car,596,291,599,290,0.3139,2026-07-28 21:54:58.749,2026-07-28 21:54:59.381
truck_ID_407,FLUSH,1009,truck,756,283,876,353,0.5810,2026-07-28 21:54:57.050,2026-07-28 21:54:59.480
bus_ID_161,FLUSH,1015,bus,802,311,865,346,0.4681,2026-07-28 21:54:58.551,2026-07-28 21:54:59.480
bus_ID_160,FLUSH,1009,bus,803,312,880,356,0.4578,2026-07-28 21:54:58.549,2026-07-28 21:54:59.983
car_ID_884,FLUSH,1006,car,677,285,928,696,0.6337,2026-07-28 21:54:56.415,2026-07-28 21:55:00.113
car_ID_878,FLUSH,998,car,345,704,572,293,0.6478,2026-07-28 21:54:53.782,2026-07-28 21:55:00.452
car_ID_883,FLUSH,1005,car,755,299,1260,661,0.6078,2026-07-28 21:54:55.983,2026-07-28 21:55:00.523
truck_ID_412,FLUSH,1023,truck,250,475,250,475,0.3565,2026-07-28 21:55:00.452,2026-07-28 21:55:00.918
car_ID_897,FLUSH,1021,car,676,285,676,286,0.3288,2026-07-28 21:55:00.421,2026-07-28 21:55:00.950
car_ID_880,FLUSH,1001,car,109,699,553,298,0.6221,2026-07-28 21:54:54.217,2026-07-28 21:55:01.148
car_ID_899,FLUSH,1024,car,1233,671,1233,671,0.3672,2026-07-28 21:55:00.855,2026-07-28 21:55:01.318
car_ID_887,FLUSH,1010,car,706,285,1147,690,0.6689,2026-07-28 21:54:57.316,2026-07-28 21:55:01.449
car_ID_885,FLUSH,1007,car,12,670,483,323,0.6563,2026-07-28 21:54:56.514,2026-07-28 21:55:01.517
truck_ID_411,FLUSH,1015,truck,811,315,1188,558,0.6898,2026-07-28 21:54:58.614,2026-07-28 21:55:01.582
car_ID_886,FINALIZE,1008,car,130,687,547,307,0.6589,2026-07-28 21:54:56.514,2026-07-28 21:55:02.650
car_ID_889,FINALIZE,1012,car,125,678,533,311,0.6827,2026-07-28 21:54:57.783,2026-07-28 21:55:03.082
car_ID_890,FINALIZE,1014,car,353,702,587,310,0.6811,2026-07-28 21:54:58.357,2026-07-28 21:55:03.081
car_ID_893,FINALIZE,1017,car,682,288,947,694,0.6106,2026-07-28 21:54:58.783,2026-07-28 21:55:02.114
car_ID_894,FINALIZE,1018,car,762,298,1254,647,0.7467,2026-07-28 21:54:58.988,2026-07-28 21:55:03.082
car_ID_895,FINALIZE,1019,car,20,672,443,345,0.7422,2026-07-28 21:54:59.217,2026-07-28 21:55:03.082
car_ID_896,FINALIZE,1020,car,710,284,833,401,0.5755,2026-07-28 21:55:00.114,2026-07-28 21:55:03.080
car_ID_898,FINALIZE,1022,car,363,698,550,368,0.8175,2026-07-28 21:55:00.421,2026-07-28 21:55:03.079
car_ID_900,FINALIZE,1025,car,151,677,472,376,0.7862,2026-07-28 21:55:00.951,2026-07-28 21:55:03.080
car_ID_901,FINALIZE,1026,car,8,678,335,415,0.8634,2026-07-28 21:55:00.984,2026-07-28 21:55:03.080
car_ID_902,FINALIZE,1027,car,677,280,706,335,0.5147,2026-07-28 21:55:01.148,2026-07-28 21:55:03.080
car_ID_903,FINALIZE,1028,car,684,301,757,439,0.6022,2026-07-28 21:55:01.148,2026-07-28 21:55:03.080
car_ID_904,FINALIZE,1030,car,370,699,475,522,0.7842,2026-07-28 21:55:02.314,2026-07-28 21:55:03.080
car_ID_905,FINALIZE,1031,car,720,300,732,313,0.4257,2026-07-28 21:55:02.651,2026-07-28 21:55:03.080
car_ID_906,FINALIZE,1032,car,7,659,46,628,0.7080,2026-07-28 21:55:02.850,2026-07-28 21:55:03.080
car_ID_907,FINALIZE,1034,car,678,289,678,289,0.3173,2026-07-28 21:55:02.948,2026-07-28 21:55:03.083
truck_ID_413,FINALIZE,1029,truck,745,278,777,296,0.5138,2026-07-28 21:55:01.814,2026-07-28 21:55:03.081
truck_ID_414,FINALIZE,1033,truck,771,292,774,295,0.4688,2026-07-28 21:55:02.916,2026-07-28 21:55:02.984
bus_ID_162,FINALIZE,1029,bus,771,292,771,292,0.4385,2026-07-28 21:55:02.883,2026-07-28 21:55:02.883
bus_ID_163,FINALIZE,1033,bus,772,294,777,297,0.4046,2026-07-28 21:55:02.947,2026-07-28 21:55:03.080
